library: SuiteSparse:GraphBLAS v10.3.1 [Jan 21, 2026]
matrix: /home/polina/учеба/uni_practice/spla/graph-bench/dataset/MISKnowledgeMap.mtx
[.mtx]
Reading matrix market file: /home/polina/учеба/uni_practice/spla/graph-bench/dataset/MISKnowledgeMap.mtx
 [ GrB_Matrix_build_FP64 (cast J 1 0) (build, 1 threads) (hyper to sparse) 
   0.0573 sec ]
 [ GrB_set 
   1.35e-05 sec ]
 [ GrB_set 
   8.84e-07 sec ]
 [ GrB_set 
   7.23e-07 sec ]
 [ GrB_set 
   7.6e-07 sec ]
 [ GrB_set 
   4.31e-07 sec ]
 [ GrB_set 
   4.73e-07 sec ]
A converted to 32-bit
 [ GrB_select 
   0.00418 sec ]
 [ GrB_transpose (transpose) (1-thread bucket transpose) 
   0.00681 sec ]
 [ GrB_eWiseMult emult:(S<.>=S.*S) (iso emult) 
   0.0281 sec ]
 [ GrB_Matrix_nvals 
   1.01e-05 sec ]
 [ GrB_Matrix_nvals 
   5.31e-07 sec ]
 [ GrB_Matrix_nvals 
   3.42e-07 sec ]
 [ GrB_Matrix_nvals 
   2.44e-07 sec ]
 [ GrB_eWiseMult emult:(S<.>=S.*S) 
   0.0436 sec ]
 [ GrB_Matrix_nvals 
   7.53e-07 sec ]
 [ GrB_reduce 
   0.0125 sec ]
read time: 0.431678
Time to read the graph:      0.431684 sec

==========================The input graph matrix G:
 [ GrB_Matrix_nvals 
   1.14e-06 sec ]
Graph: kind: undirected, nodes: 2427 entries: 57022 type: double
  structural symmetry: symmetric  self-edges: 0
  adjacency matrix:  [ GrB_Matrix_nvals 
   4.48e-07 sec ]
GrB_FP64 matrix: 2427-by-2427 entries: 57022
 [ GrB_Matrix_extractTuples_FP64 
   0.000514 sec ]
    (0, 1)   0.98
    (0, 2)   0.99
    (0, 4)   0.79
    (0, 5)   0.69
    (0, 10)   0.9
    (0, 12)   0.59
    (0, 18)   0.57
    (0, 38)   0.7
    (0, 43)   0.94
    (0, 51)   0.69
    (0, 54)   0.66
    (0, 71)   0.52
    (0, 78)   0.82
    (0, 80)   0.69
    (0, 93)   0.66
    (0, 95)   0.69
    (0, 128)   0.63
    (0, 130)   0.72
    (0, 131)   0.72
    (0, 136)   0.55
    (0, 158)   0.67
    (0, 160)   0.64
    (0, 161)   0.79
    (0, 212)   0.63
    (0, 229)   0.62
    (0, 327)   0.78
    (0, 373)   0.74
    (0, 398)   0.54
    (0, 404)   0.62
    (0, 479)   0.61
    (0, 482)   0.69
    (0, 545)   0.69
    ...
 [ GrB_assign (C iso assign) (pending: 0) Method 21: (C full) = scalar 
   0.00451 sec ]
 [ GrB_mxv C=A'*B, dot_product (dot2) (nthreads: 1 naslice 1 nbslice 1) (dot F = S'*F) 
   0.0117 sec ]
Starting MSF

 [ GxB_Type_new 
   0.000354 sec ]
 [ GxB_Type_new 
   2.55e-06 sec ]
 [ GrB_assign (pending: 0) Method 24: C = Z 
   0.000723 sec ]
 [ GrB_assign (C iso assign) (pending: 0) Method 21: (C full) = scalar 
   3.4e-05 sec ]
 [ GrB_apply (shallow-op) 
   0.00353 sec ]
 [ GrB_Vector_dup (dup) 
   1.89e-05 sec ]
 [ GrB_assign (C iso assign) (pending: 0) Method 21: (C full) = scalar 
   2.86e-05 sec ]
 [ GrB_apply (in-place-op) 
   9.72e-05 sec ]
 [ GrB_Vector_extractTuples_UINT64 (A full) 
   8.25e-06 sec ]
 [ GrB_Matrix_nvals 
   6.99e-07 sec ]
 [ GrB_assign (C iso assign) (pending: 0) Method 21: (C full) = scalar 
   1.46e-05 sec ]
 [ GrB_mxv C=A'*B, dot_product (dot4: F += S'*F) (jit: cpu load) (C in place) 
   0.0562 sec ]
 [ GrB_apply (shallow-op) (jit: cpu load) 
   0.0193 sec ]
 [ GrB_assign 
   3.94e-05 sec ]
 [ GrB_mxv C=A*B, rowscale (F=S*F) (jit: cpu load) (C+=Z via assign) (pending: 0) Method 23: (C full) += Z (jit: cpu load) 
   0.0136 sec ]
 [ GrB_eWiseMult dense C=A+B 
   0.00194 sec ]
 [ GrB_apply (shallow-op) (jit: cpu load) (C<M>+=Z via assign) (pending: 0) Method 08n: C(:,:)<M> += Z ; no S (jit: cpu load) 
   0.00915 sec ]
 [ GrB_extract (A full) (jit: cpu load) 
   0.00127 sec ]
 [ GrB_eWiseMult dense C=A+B 
   0.00329 sec ]
 [ GrB_assign (pending: 0) Method 08n: C(:,:)<M> += Z ; no S (jit: cpu load) 
   0.00479 sec ]
 [ GrB_eWiseMult dense C=A+B 
   5.98e-05 sec ]
 [ GrB_assign (pending: 0) Method 05d: (C full)<M> = scalar (jit: cpu load) 
   0.00545 sec ]
 [ GrB_extract (A full) (jit: cpu load) 
   0.0173 sec ]
 [ GrB_eWiseMult dense C=A+B (jit: cpu load) 
   0.00175 sec ]
 [ GrB_assign (C iso assign) (pending: 0) Method 21: (C full) = scalar 
   3.5e-05 sec ]
 [ GrB_assign (full to bitmap) (bit2_whole: C<M,full> = A ) (jit: cpu load) (bitmap to full) 
   0.0346 sec ]
 [ GrB_assign (C iso assign) (pending: 0) Method 21: (C full) = scalar 
   3.03e-05 sec ]
 [ GrB_assign 
   3.22e-05 sec ]
 [ GrB_mxv C=A*B, rowscale (F=S*F) (C+=Z via assign) (pending: 0) Method 23: (C full) += Z 
   0.0194 sec ]
 [ GrB_extract (C full) (A full) (jit: cpu load) 
   0.00109 sec ]
 [ GrB_eWiseMult dense C=A+B 
   2.3e-05 sec ]
 [ GrB_select (jit: cpu load) (jit: cpu load) 
   0.0301 sec ]
 [ GrB_mxv C<M>=A'*B, masked_dot_product (dot2) (nthreads: 1 naslice 1 nbslice 1) (dot B<F> = S'*F) (jit: cpu load) masker:(B:S<F>=B) (jit: cpu load) 
   0.00862 sec ]
 [ GrB_Vector_nvals 
   6.77e-07 sec ]
 [ GrB_apply (shallow-op) (jit: cpu load) 
   0.00743 sec ]
 [ GrB_Vector_extractTuples_UINT64 (A bitmap) 
   4.91e-05 sec ]
 [ GrB_apply (shallow-op) (jit: cpu load) 
   0.00107 sec ]
 [ GrB_Vector_extractTuples_FP64 (A bitmap) 
   5.38e-05 sec ]
 [ GrB_extract (C bitmap) (A full) 
   0.00012 sec ]
 [ GrB_eWiseMult dense C=A+B 
   0.00319 sec ]
 [ GrB_reduce (A full) 
   2.43e-05 sec ]
 [ GrB_extract (C full) (A full) 
   0.000137 sec ]
 [ GrB_eWiseMult dense C=A+B 
   2.24e-05 sec ]
 [ GrB_reduce (A full) 
   6.8e-06 sec ]
 [ GrB_extract (C full) (A full) 
   0.000106 sec ]
 [ GrB_eWiseMult dense C=A+B 
   1.9e-05 sec ]
 [ GrB_reduce (A full) 
   1.43e-05 sec ]
 [ GrB_extract (C full) (A full) 
   0.0001 sec ]
 [ GrB_eWiseMult dense C=A+B 
   1.97e-05 sec ]
 [ GrB_reduce (A full) 
   1.63e-05 sec ]
 [ GrB_Vector_extractTuples_UINT64 (A full) 
   8.54e-06 sec ]
 [ GrB_select (jit: cpu load) (jit: cpu load) 
   0.0162 sec ]
 [ GrB_Matrix_nvals 
   6.4e-07 sec ]
 [ GrB_assign (C iso assign) (bit6_whole: C = scalar ) (bitmap to full) 
   0.0112 sec ]
 [ GrB_mxv C=A'*B, dot_product (dot4: F += S'*F) (C in place) 
   0.000926 sec ]
 [ GrB_apply (shallow-op) 
   5.31e-05 sec ]
 [ GrB_assign 
   3.05e-05 sec ]
 [ GrB_mxv C=A*B, saxpy (saxpy4: F += S*F) (coarse, threads: 1) (jit: cpu load) (C in place) 
   0.0162 sec ]
 [ GrB_eWiseMult dense C=A+B 
   4.19e-05 sec ]
 [ GrB_apply (shallow-op) (C<M>+=Z via assign) (pending: 0) Method 08n: C(:,:)<M> += Z ; no S 
   0.000173 sec ]
 [ GrB_extract (C full) (A full) 
   0.000121 sec ]
 [ GrB_eWiseMult dense C=A+B 
   2.31e-05 sec ]
 [ GrB_assign (pending: 0) Method 08n: C(:,:)<M> += Z ; no S 
   6.57e-05 sec ]
 [ GrB_eWiseMult dense C=A+B 
   1.66e-05 sec ]
 [ GrB_assign (pending: 0) Method 05d: (C full)<M> = scalar 
   4.57e-05 sec ]
 [ GrB_extract (C full) (A full) (jit: cpu load) 
   0.0124 sec ]
 [ GrB_eWiseMult dense C=A+B 
   4.02e-05 sec ]
 [ GrB_assign (C iso assign) (pending: 0) Method 21: (C full) = scalar 
   2.7e-05 sec ]
 [ GrB_assign (full to bitmap) (bit2_whole: C<M,full> = A ) (bitmap to full) 
   7.24e-05 sec ]
 [ GrB_assign (C iso assign) (pending: 0) Method 21: (C full) = scalar 
   1.34e-05 sec ]
 [ GrB_assign 
   2.83e-05 sec ]
 [ GrB_mxv C=A*B, saxpy (saxpy4: F += S*F) (coarse, threads: 1) (C in place) 
   0.00352 sec ]
 [ GrB_extract (C full) (A full) 
   0.000132 sec ]
 [ GrB_eWiseMult dense C=A+B 
   2.06e-05 sec ]
 [ GrB_select 
   0.0011 sec ]
 [ GrB_mxv C<M>=A'*B, masked_dot_product (dot2) (nthreads: 1 naslice 1 nbslice 1) (dot B<F> = S'*F) masker:(B:S<F>=B) 
   0.000157 sec ]
 [ GrB_Vector_nvals 
   5.41e-07 sec ]
 [ GrB_apply (shallow-op) 
   5.12e-05 sec ]
 [ GrB_Vector_extractTuples_UINT64 (A bitmap) 
   3.94e-05 sec ]
 [ GrB_apply (shallow-op) 
   4.22e-05 sec ]
 [ GrB_Vector_extractTuples_FP64 (A bitmap) 
   3.92e-05 sec ]
 [ GrB_extract (C bitmap) (A full) 
   0.000118 sec ]
 [ GrB_eWiseMult dense C=A+B 
   1.81e-05 sec ]
 [ GrB_reduce (A full) 
   9.87e-06 sec ]
 [ GrB_extract (C full) (A full) 
   9.65e-05 sec ]
 [ GrB_eWiseMult dense C=A+B 
   1.37e-05 sec ]
 [ GrB_reduce (A full) 
   4.03e-06 sec ]
 [ GrB_extract (C full) (A full) 
   9.55e-05 sec ]
 [ GrB_eWiseMult dense C=A+B 
   1.37e-05 sec ]
 [ GrB_reduce (A full) 
   1.27e-05 sec ]
 [ GrB_extract (C full) (A full) 
   9.03e-05 sec ]
 [ GrB_eWiseMult dense C=A+B 
   1.34e-05 sec ]
 [ GrB_reduce (A full) 
   1.67e-05 sec ]
 [ GrB_Vector_extractTuples_UINT64 (A full) 
   5.84e-06 sec ]
 [ GrB_select 
   0.0201 sec ]
 [ GrB_Matrix_nvals 
   6.11e-07 sec ]
 [ GrB_assign (C iso assign) (bit6_whole: C = scalar ) (bitmap to full) 
   3.53e-05 sec ]
 [ GrB_mxv C=A'*B, dot_product (dot4: F += S'*F) (C in place) 
   0.000782 sec ]
 [ GrB_apply (shallow-op) 
   4.76e-05 sec ]
 [ GrB_assign 
   2.81e-05 sec ]
 [ GrB_mxv C=A*B, saxpy (saxpy4: F += S*F) (coarse, threads: 1) (C in place) 
   0.000101 sec ]
 [ GrB_eWiseMult dense C=A+B 
   1.93e-05 sec ]
 [ GrB_apply (shallow-op) (C<M>+=Z via assign) (pending: 0) Method 08n: C(:,:)<M> += Z ; no S 
   8.66e-05 sec ]
 [ GrB_extract (C full) (A full) 
   0.000106 sec ]
 [ GrB_eWiseMult dense C=A+B 
   1.35e-05 sec ]
 [ GrB_assign (pending: 0) Method 08n: C(:,:)<M> += Z ; no S 
   3.97e-05 sec ]
 [ GrB_eWiseMult dense C=A+B 
   1.29e-05 sec ]
 [ GrB_assign (pending: 0) Method 05d: (C full)<M> = scalar 
   3.16e-05 sec ]
 [ GrB_extract (C full) (A full) 
   9.44e-05 sec ]
 [ GrB_eWiseMult dense C=A+B 
   2.52e-05 sec ]
 [ GrB_assign (C iso assign) (pending: 0) Method 21: (C full) = scalar 
   1.4e-05 sec ]
 [ GrB_assign (full to bitmap) (bit2_whole: C<M,full> = A ) (bitmap to full) 
   5.02e-05 sec ]
 [ GrB_assign (C iso assign) (pending: 0) Method 21: (C full) = scalar 
   1.06e-05 sec ]
 [ GrB_assign 
   1.69e-05 sec ]
 [ GrB_mxv C=A*B, saxpy (saxpy4: F += S*F) (coarse, threads: 1) (C in place) 
   7.8e-05 sec ]
 [ GrB_extract (C full) (A full) 
   8.89e-05 sec ]
 [ GrB_eWiseMult dense C=A+B 
   1.43e-05 sec ]
 [ GrB_select 
   0.0205 sec ]
 [ GrB_mxv C<M>=A'*B, masked_dot_product (dot2) (nthreads: 1 naslice 1 nbslice 1) (dot B<F> = S'*F) masker:(B:S<F>=B) 
   0.000135 sec ]
 [ GrB_Vector_nvals 
   5.27e-07 sec ]
 [ GrB_apply (shallow-op) 
   3.71e-05 sec ]
 [ GrB_Vector_extractTuples_UINT64 (A bitmap) 
   2.83e-05 sec ]
 [ GrB_apply (shallow-op) 
   3.01e-05 sec ]
 [ GrB_Vector_extractTuples_FP64 (A bitmap) 
   2.45e-05 sec ]
 [ GrB_extract (C bitmap) (A full) 
   0.000112 sec ]
 [ GrB_eWiseMult dense C=A+B 
   1.82e-05 sec ]
 [ GrB_reduce (A full) 
   1.01e-05 sec ]
 [ GrB_extract (C full) (A full) 
   9.71e-05 sec ]
 [ GrB_eWiseMult dense C=A+B 
   1.48e-05 sec ]
 [ GrB_reduce (A full) 
   4.28e-06 sec ]
 [ GrB_extract (C full) (A full) 
   7.93e-05 sec ]
 [ GrB_eWiseMult dense C=A+B 
   1.33e-05 sec ]
 [ GrB_reduce (A full) 
   1.21e-05 sec ]
 [ GrB_extract (C full) (A full) 
   7.56e-05 sec ]
 [ GrB_eWiseMult dense C=A+B 
   1.28e-05 sec ]
 [ GrB_reduce (A full) 
   1.53e-05 sec ]
 [ GrB_Vector_extractTuples_UINT64 (A full) 
   5.88e-06 sec ]
 [ GrB_select 
   0.0163 sec ]
 [ GrB_Matrix_nvals 
   1.01e-06 sec ]
 [ GrB_assign (C iso assign) (bit6_whole: C = scalar ) (bitmap to full) 
   4.76e-05 sec ]
 [ GrB_mxv C=A'*B, dot_product (dot4: F += S'*F) (C in place) 
   0.000344 sec ]
 [ GrB_apply (shallow-op) 
   4.38e-05 sec ]
 [ GrB_assign 
   2.88e-05 sec ]
 [ GrB_mxv C=A*B, saxpy (saxpy4: F += S*F) (coarse, threads: 1) (C in place) 
   8.36e-05 sec ]
 [ GrB_eWiseMult dense C=A+B 
   2.39e-05 sec ]
 [ GrB_apply (shallow-op) (C<M>+=Z via assign) (pending: 0) Method 08n: C(:,:)<M> += Z ; no S 
   0.000111 sec ]
 [ GrB_extract (C full) (A full) 
   9.27e-05 sec ]
 [ GrB_eWiseMult dense C=A+B 
   1.52e-05 sec ]
 [ GrB_assign (pending: 0) Method 08n: C(:,:)<M> += Z ; no S 
   4.14e-05 sec ]
 [ GrB_eWiseMult dense C=A+B 
   1.3e-05 sec ]
 [ GrB_assign (pending: 0) Method 05d: (C full)<M> = scalar 
   3.05e-05 sec ]
 [ GrB_extract (C full) (A full) 
   8.6e-05 sec ]
 [ GrB_eWiseMult dense C=A+B 
   2.64e-05 sec ]
 [ GrB_assign (C iso assign) (pending: 0) Method 21: (C full) = scalar 
   1.48e-05 sec ]
 [ GrB_assign (full to bitmap) (bit2_whole: C<M,full> = A ) (bitmap to full) 
   6.88e-05 sec ]
 [ GrB_assign (C iso assign) (pending: 0) Method 21: (C full) = scalar 
   1.03e-05 sec ]
 [ GrB_assign 
   2.2e-05 sec ]
 [ GrB_mxv C=A*B, saxpy (saxpy4: F += S*F) (coarse, threads: 1) (C in place) 
   9.23e-05 sec ]
 [ GrB_extract (C full) (A full) 
   8.46e-05 sec ]
 [ GrB_eWiseMult dense C=A+B 
   1.56e-05 sec ]
 [ GrB_select 
   0.000655 sec ]
 [ GrB_mxv C<M>=A'*B, masked_dot_product (dot2) (nthreads: 1 naslice 1 nbslice 1) (dot B<F> = S'*F) masker:(B:S<F>=B) (bitmap to sparse) 
   0.0002 sec ]
 [ GrB_Vector_nvals 
   9.12e-07 sec ]
 [ GrB_apply (shallow-op) (jit: cpu load) 
   0.0104 sec ]
 [ GrB_Vector_extractTuples_UINT64 
   1.69e-06 sec ]
 [ GrB_apply (shallow-op) (jit: cpu load) 
   0.00547 sec ]
 [ GrB_Vector_extractTuples_FP64 
   8.55e-06 sec ]
 [ GrB_extract (A full) 
   0.000102 sec ]
 [ GrB_eWiseMult dense C=A+B 
   2.02e-05 sec ]
 [ GrB_reduce (A full) 
   9.41e-06 sec ]
 [ GrB_extract (C full) (A full) 
   6.54e-05 sec ]
 [ GrB_eWiseMult dense C=A+B 
   1.44e-05 sec ]
 [ GrB_reduce (A full) 
   1.55e-05 sec ]
 [ GrB_Vector_extractTuples_UINT64 (A full) 
   6.62e-06 sec ]
 [ GrB_select (sparse to hyper) 
   0.000472 sec ]
 [ GrB_Matrix_nvals 
   5.3e-07 sec ]
 [ GrB_Matrix_build_FP64 (cast J 1 0) (build, 1 threads) (hyper to sparse) 
   0.000844 sec ]
LAGraph_msf took 0.434182 sec
 [ GrB_transpose (transpose) (1-thread bucket transpose) 
   0.00014 sec ]
 [ GrB_eWiseAdd add:(S<.>=S+S) 
   0.0162 sec ]
 [ GrB_Matrix_nvals 
   6.96e-07 sec ]
 [ GrB_Matrix_extractTuples_FP64 
   0.000132 sec ]
MST total weight: 1241.030000
Time to check results:       1.44995e-07 sec

===============================The result matrix:
 [ GrB_Matrix_nvals 
   1.76e-07 sec ]
GrB_FP64 matrix: 2427-by-2427 entries: 2426
 [ GrB_Matrix_extractTuples_FP64 
   9.68e-05 sec ]
    (0, 1114)   0.5
    (1, 136)   0.5
    (1, 966)   0.5
    (2, 1545)   0.51
    (5, 508)   0.5
    (12, 723)   0.5
    (13, 1415)   0.53
    (14, 153)   0.51
    (15, 11)   0.51
    (18, 187)   0.5
    (19, 466)   0.51
    (24, 2240)   0.53
    (25, 2366)   0.5
    (26, 148)   0.5
    (29, 1945)   0.5
    (32, 698)   0.5
    (35, 6)   0.53
    (41, 1254)   0.51
    (42, 1086)   0.52
    (44, 1010)   0.51
    (45, 1390)   0.49
    (46, 519)   0.5
    (49, 1876)   0.49
    (50, 1307)   0.5
    (51, 635)   0.5
    (52, 1346)   0.52
    (53, 7)   0.5
    (56, 295)   0.5
    (57, 1730)   0.49
    (59, 2356)   0.51
    (60, 301)   0.5
    (60, 941)   0.5
    (63, 1437)   0.59
    (64, 127)   0.5
    (66, 1730)   0.5
    (68, 615)   0.51
    (69, 187)   0.5
    (70, 1625)   0.5
    (71, 1524)   0.5
    (72, 2127)   0.51
    (73, 4)   0.5
    (73, 1393)   0.5
    (74, 187)   0.49
    (75, 2021)   0.51
    (76, 4)   0.51
    (77, 62)   0.51
    (80, 963)   0.49
    (81, 336)   0.5
    (82, 1876)   0.49
    (83, 103)   0.5
    (85, 1452)   0.52
    (87, 25)   0.5
    (89, 345)   0.54
    (91, 1193)   0.56
    (94, 1296)   0.5
    (95, 1575)   0.49
    (96, 407)   0.51
    (97, 985)   0.61
    (99, 73)   0.5
    (100, 394)   0.54
    (101, 1752)   0.58
    (102, 65)   0.5
    (103, 6)   0.49
    (105, 25)   0.5
    (108, 842)   0.5
    (108, 2351)   0.5
    (109, 537)   0.5
    (109, 805)   0.5
    (114, 12)   0.51
    (115, 10)   0.49
    (116, 1888)   0.5
    (122, 1182)   0.52
    (123, 1013)   0.55
    (124, 1536)   0.51
    (125, 1127)   0.51
    (128, 43)   0.49
    (131, 1943)   0.5
    (132, 129)   0.49
    (133, 1441)   0.51
    (137, 300)   0.51
    (138, 2123)   0.5
    (139, 475)   0.53
    (140, 1117)   0.51
    (141, 1572)   0.5
    (142, 2340)   0.5
    (143, 6)   0.49
    (144, 400)   0.5
    (146, 1420)   0.53
    (147, 1512)   0.5
    (148, 612)   0.49
    (150, 576)   0.5
    (154, 67)   0.5
    (155, 2231)   0.52
    (156, 2242)   0.5
    (157, 98)   0.49
    (157, 336)   0.49
    (159, 336)   0.5
    (160, 1023)   0.5
    (162, 408)   0.5
    (163, 37)   0.49
    (164, 165)   0.5
    (165, 546)   0.49
    (165, 838)   0.5
    (166, 1730)   0.5
    (167, 412)   0.5
    (168, 830)   0.52
    (169, 146)   0.56
    (170, 2365)   0.49
    (171, 1472)   0.5
    (172, 877)   0.51
    (173, 1272)   0.54
    (175, 381)   0.5
    (177, 164)   0.51
    (178, 750)   0.55
    (179, 889)   0.63
    (180, 324)   0.5
    (180, 2144)   0.5
    (181, 1612)   0.51
    (182, 316)   0.49
    (183, 453)   0.5
    (183, 863)   0.5
    (184, 916)   0.5
    (185, 1415)   0.5
    (186, 117)   0.54
    (187, 55)   0.49
    (187, 612)   0.49
    (188, 921)   0.5
    (189, 28)   0.49
    (190, 1234)   0.5
    (191, 1010)   0.5
    (193, 747)   0.49
    (195, 105)   0.5
    (196, 48)   0.55
    (197, 192)   0.5
    (197, 1472)   0.5
    (198, 439)   0.49
    (199, 103)   0.51
    (200, 8)   0.5
    (201, 210)   0.5
    (202, 443)   0.52
    (203, 1456)   0.51
    (204, 134)   0.49
    (204, 603)   0.49
    (205, 8)   0.5
    (206, 135)   0.49
    (207, 678)   0.51
    (208, 192)   0.52
    (209, 2327)   0.5
    (211, 34)   0.51
    (212, 707)   0.5
    (213, 215)   0.57
    (214, 6)   0.5
    (215, 430)   0.5
    (216, 90)   0.5
    (217, 1026)   0.55
    (218, 1662)   0.52
    (219, 764)   0.5
    (221, 543)   0.51
    (222, 1920)   0.56
    (223, 259)   0.51
    (225, 372)   0.49
    (226, 2217)   0.49
    (227, 662)   0.51
    (228, 872)   0.5
    (228, 1757)   0.49
    (231, 1918)   0.5
    (233, 1826)   0.51
    (234, 2031)   0.53
    (235, 2361)   0.49
    (244, 132)   0.52
    (246, 2196)   0.5
    (247, 184)   0.5
    (248, 119)   0.49
    (251, 184)   0.5
    (252, 127)   0.56
    (253, 111)   0.5
    (253, 1103)   0.5
    (254, 1223)   0.54
    (255, 1010)   0.5
    (256, 1442)   0.5
    (257, 1700)   0.5
    (258, 1472)   0.49
    (259, 921)   0.5
    (260, 750)   0.5
    (260, 891)   0.5
    (261, 120)   0.49
    (261, 1673)   0.5
    (262, 39)   0.51
    (262, 1838)   0.51
    (263, 1954)   0.56
    (265, 237)   0.52
    (265, 657)   0.52
    (266, 1439)   0.5
    (267, 2137)   0.5
    (268, 1597)   0.5
    (269, 3)   0.5
    (270, 230)   0.49
    (270, 1859)   0.5
    (271, 77)   0.51
    (272, 2214)   0.51
    (273, 348)   0.51
    (275, 130)   0.5
    (275, 2240)   0.5
    (276, 921)   0.5
    (277, 514)   0.55
    (278, 1698)   0.54
    (279, 22)   0.5
    (280, 685)   0.5
    (281, 2011)   0.51
    (282, 745)   0.53
    (283, 1441)   0.53
    (284, 113)   0.49
    (284, 750)   0.5
    (285, 715)   0.49
    (286, 1243)   0.51
    (287, 920)   0.5
    (289, 251)   0.5
    (289, 1984)   0.5
    (290, 1039)   0.49
    (291, 229)   0.49
    (292, 1358)   0.5
    (293, 105)   0.58
    (295, 2361)   0.49
    (296, 1682)   0.5
    (299, 134)   0.5
    (300, 288)   0.49
    (300, 2289)   0.5
    (301, 777)   0.49
    (302, 475)   0.52
    (304, 596)   0.5
    (306, 698)   0.51
    (307, 381)   0.5
    (308, 110)   0.49
    (308, 1187)   0.5
    (309, 407)   0.51
    (310, 242)   0.5
    (311, 1395)   0.51
    (312, 238)   0.53
    (314, 151)   0.51
    (314, 972)   0.51
    (315, 594)   0.5
    (316, 33)   0.49
    (317, 1358)   0.5
    (319, 1648)   0.5
    (320, 1365)   0.5
    (321, 1987)   0.51
    (322, 720)   0.51
    (323, 646)   0.5
    (323, 1056)   0.5
    (326, 296)   0.5
    (328, 791)   0.51
    (329, 2140)   0.52
    (331, 1421)   0.49
    (332, 320)   0.53
    (333, 86)   0.49
    (333, 641)   0.5
    (334, 142)   0.5
    (335, 872)   0.5
    (336, 148)   0.49
    (336, 1945)   0.49
    (337, 30)   0.5
    (340, 1009)   0.5
    (342, 291)   0.49
    (343, 1766)   0.5
    (344, 295)   0.5
    (345, 371)   0.5
    (346, 45)   0.52
    (347, 407)   0.53
    (348, 684)   0.49
    (349, 1393)   0.5
    (350, 229)   0.58
    (351, 1844)   0.5
    (353, 913)   0.51
    (354, 1682)   0.5
    (355, 1401)   0.5
    (356, 153)   0.51
    (357, 1538)   0.5
    (358, 149)   0.49
    (359, 407)   0.5
    (361, 2294)   0.5
    (362, 2036)   0.5
    (363, 31)   0.5
    (363, 752)   0.5
    (364, 145)   0.5
    (364, 239)   0.49
    (365, 642)   0.52
    (366, 1415)   0.49
    (367, 2004)   0.49
    (368, 543)   0.5
    (369, 2144)   0.5
    (370, 2278)   0.51
    (372, 58)   0.49
    (372, 1189)   0.49
    (372, 1241)   0.49
    (373, 597)   0.5
    (373, 863)   0.49
    (374, 64)   0.51
    (375, 930)   0.5
    (376, 32)   0.51
    (377, 1150)   0.51
    (378, 286)   0.51
    (379, 70)   0.51
    (380, 620)   0.51
    (382, 2176)   0.54
    (383, 1763)   0.5
    (385, 1816)   0.51
    (386, 1925)   0.5
    (389, 407)   0.51
    (390, 1357)   0.5
    (391, 2350)   0.52
    (392, 115)   0.5
    (395, 1287)   0.5
    (396, 1390)   0.5
    (397, 2017)   0.5
    (398, 1158)   0.49
    (400, 316)   0.49
    (401, 105)   0.51
    (402, 170)   0.54
    (403, 1158)   0.51
    (405, 437)   0.51
    (407, 300)   0.5
    (407, 1884)   0.49
    (409, 35)   0.52
    (411, 216)   0.5
    (412, 37)   0.49
    (416, 972)   0.5
    (418, 292)   0.51
    (419, 11)   0.5
    (420, 739)   0.51
    (421, 201)   0.51
    (422, 554)   0.5
    (423, 407)   0.49
    (424, 176)   0.5
    (425, 718)   0.54
    (426, 991)   0.5
    (427, 38)   0.49
    (429, 92)   0.5
    (429, 267)   0.51
    (430, 1700)   0.5
    (433, 966)   0.5
    (434, 1459)   0.49
    (435, 805)   0.49
    (437, 589)   0.5
    (437, 1114)   0.5
    (439, 128)   0.49
    (440, 777)   0.51
    (441, 187)   0.5
    (442, 74)   0.49
    (444, 16)   0.51
    (444, 1165)   0.51
    (445, 886)   0.5
    (446, 652)   0.5
    (448, 2298)   0.56
    (451, 553)   0.51
    (453, 48)   0.49
    (456, 927)   0.5
    (457, 310)   0.51
    (458, 483)   0.5
    (459, 2081)   0.51
    (460, 1525)   0.5
    (461, 604)   0.52
    (462, 285)   0.56
    (464, 419)   0.5
    (465, 477)   0.52
    (466, 93)   0.49
    (468, 102)   0.5
    (469, 62)   0.5
    (471, 371)   0.49
    (473, 73)   0.5
    (475, 1189)   0.5
    (476, 1373)   0.49
    (477, 556)   0.49
    (478, 398)   0.5
    (479, 229)   0.5
    (480, 174)   0.49
    (483, 3)   0.49
    (484, 245)   0.49
    (484, 2176)   0.5
    (485, 1353)   0.51
    (488, 51)   0.5
    (489, 604)   0.5
    (490, 1474)   0.51
    (492, 165)   0.5
    (493, 502)   0.51
    (494, 87)   0.52
    (496, 418)   0.66
    (497, 218)   0.51
    (498, 12)   0.5
    (499, 2137)   0.51
    (501, 615)   0.5
    (503, 111)   0.5
    (505, 128)   0.5
    (507, 132)   0.5
    (508, 1136)   0.5
    (509, 1242)   0.51
    (510, 388)   0.49
    (512, 658)   0.49
    (514, 980)   0.51
    (515, 762)   0.51
    (516, 44)   0.51
    (517, 1220)   0.51
    (518, 76)   0.5
    (519, 339)   0.49
    (520, 1296)   0.5
    (523, 301)   0.55
    (524, 243)   0.49
    (524, 2011)   0.5
    (525, 2356)   0.55
    (526, 1985)   0.51
    (527, 1767)   0.5
    (528, 625)   0.51
    (529, 272)   0.49
    (530, 402)   0.6
    (531, 408)   0.49
    (531, 1649)   0.5
    (532, 1144)   0.58
    (535, 249)   0.49
    (539, 620)   0.52
    (540, 1714)   0.5
    (541, 40)   0.5
    (542, 345)   0.5
    (543, 78)   0.49
    (546, 121)   0.49
    (546, 635)   0.5
    (547, 1139)   0.51
    (548, 966)   0.51
    (549, 421)   0.51
    (550, 2387)   0.52
    (552, 270)   0.54
    (553, 67)   0.49
    (553, 163)   0.49
    (556, 388)   0.49
    (556, 1763)   0.5
    (557, 1205)   0.57
    (558, 250)   0.49
    (560, 443)   0.5
    (561, 255)   0.59
    (562, 84)   0.5
    (563, 1179)   0.5
    (564, 99)   0.49
    (565, 1581)   0.5
    (567, 1825)   0.51
    (568, 1117)   0.51
    (569, 151)   0.49
    (570, 381)   0.5
    (571, 90)   0.51
    (572, 337)   0.49
    (573, 111)   0.51
    (575, 6)   0.5
    (577, 191)   0.55
    (578, 1584)   0.5
    (580, 807)   0.5
    (581, 683)   0.5
    (583, 430)   0.51
    (584, 200)   0.49
    (585, 2236)   0.52
    (586, 376)   0.53
    (587, 1947)   0.5
    (588, 2109)   0.53
    (589, 424)   0.5
    (590, 48)   0.53
    (591, 500)   0.49
    (591, 1290)   0.51
    (592, 464)   0.5
    (593, 310)   0.5
    (593, 333)   0.5
    (594, 360)   0.49
    (595, 2078)   0.61
    (596, 145)   0.49
    (596, 248)   0.49
    (597, 10)   0.49
    (598, 947)   0.51
    (599, 551)   0.5
    (600, 387)   0.49
    (601, 1945)   0.64
    (603, 98)   0.49
    (604, 127)   0.49
    (605, 253)   0.64
    (606, 9)   0.5
    (606, 602)   0.49
    (607, 1859)   0.61
    (608, 670)   0.61
    (610, 2383)   0.51
    (612, 67)   0.49
    (613, 374)   0.52
    (614, 11)   0.51
    (617, 880)   0.51
    (618, 513)   0.5
    (618, 2227)   0.5
    (619, 623)   0.5
    (620, 2298)   0.5
    (621, 849)   0.49
    (623, 930)   0.5
    (624, 894)   0.49
    (625, 551)   0.49
    (625, 1600)   0.5
    (626, 5)   0.52
    (627, 1220)   0.53
    (628, 1561)   0.55
    (629, 1215)   0.5
    (632, 304)   0.51
    (633, 1912)   0.5
    (635, 54)   0.49
    (636, 1863)   0.53
    (637, 931)   0.6
    (638, 2153)   0.5
    (639, 1662)   0.5
    (640, 2381)   0.51
    (641, 152)   0.49
    (642, 219)   0.52
    (643, 1995)   0.52
    (644, 1486)   0.5
    (645, 228)   0.51
    (647, 1316)   0.52
    (648, 752)   0.51
    (649, 547)   0.51
    (650, 631)   0.49
    (651, 1112)   0.51
    (652, 60)   0.49
    (653, 387)   0.5
    (654, 824)   0.52
    (655, 1965)   0.57
    (656, 572)   0.49
    (657, 915)   0.51
    (658, 473)   0.49
    (659, 70)   0.52
    (660, 695)   0.53
    (661, 371)   0.56
    (662, 380)   0.49
    (663, 991)   0.5
    (664, 412)   0.5
    (666, 483)   0.5
    (667, 327)   0.5
    (667, 1860)   0.5
    (668, 78)   0.49
    (669, 2401)   0.54
    (670, 74)   0.5
    (671, 974)   0.52
    (674, 429)   0.53
    (675, 326)   0.5
    (676, 770)   0.6
    (677, 641)   0.5
    (677, 1845)   0.5
    (681, 849)   0.5
    (682, 218)   0.5
    (683, 2409)   0.49
    (684, 143)   0.49
    (685, 2025)   0.49
    (686, 2198)   0.52
    (687, 1447)   0.53
    (690, 1296)   0.49
    (691, 23)   0.49
    (692, 797)   0.5
    (693, 112)   0.5
    (694, 2233)   0.49
    (695, 657)   0.52
    (696, 78)   0.49
    (697, 591)   0.49
    (698, 1951)   0.5
    (698, 2306)   0.49
    (699, 1341)   0.59
    (699, 1739)   0.6
    (701, 1339)   0.5
    (703, 2409)   0.49
    (704, 529)   0.49
    (705, 940)   0.5
    (705, 1355)   0.5
    (706, 1176)   0.55
    (707, 158)   0.49
    (707, 1114)   0.5
    (709, 1407)   0.51
    (710, 1373)   0.49
    (712, 882)   0.63
    (713, 233)   0.53
    (715, 256)   0.49
    (716, 1402)   0.5
    (717, 1742)   0.5
    (718, 1264)   0.5
    (720, 113)   0.51
    (721, 1094)   0.49
    (723, 37)   0.49
    (724, 238)   0.49
    (724, 2271)   0.5
    (726, 170)   0.51
    (727, 553)   0.49
    (728, 1323)   0.53
    (729, 129)   0.5
    (730, 399)   0.49
    (731, 1773)   0.49
    (733, 970)   0.54
    (734, 545)   0.51
    (735, 558)   0.49
    (736, 1573)   0.5
    (738, 518)   0.55
    (739, 1530)   0.5
    (740, 679)   0.49
    (741, 634)   0.5
    (743, 702)   0.52
    (743, 1395)   0.54
    (744, 941)   0.5
    (744, 1845)   0.5
    (745, 2308)   0.5
    (747, 6)   0.49
    (748, 369)   0.51
    (749, 2362)   0.51
    (751, 337)   0.49
    (752, 434)   0.49
    (753, 1355)   0.6
    (754, 62)   0.49
    (754, 1076)   0.49
    (756, 1175)   0.5
    (757, 1235)   0.5
    (758, 678)   0.61
    (761, 102)   0.52
    (763, 1354)   0.51
    (764, 1563)   0.49
    (765, 1924)   0.49
    (765, 1996)   0.5
    (767, 1400)   0.5
    (768, 276)   0.49
    (769, 131)   0.5
    (770, 165)   0.5
    (772, 673)   0.5
    (773, 193)   0.52
    (774, 1749)   0.5
    (775, 249)   0.49
    (776, 1254)   0.49
    (777, 28)   0.49
    (779, 46)   0.51
    (780, 830)   0.5
    (781, 1553)   0.5
    (782, 166)   0.5
    (783, 32)   0.49
    (784, 1142)   0.59
    (786, 5)   0.53
    (787, 762)   0.5
    (788, 1804)   0.51
    (789, 1584)   0.5
    (791, 2120)   0.5
    (792, 611)   0.5
    (792, 719)   0.51
    (794, 672)   0.51
    (794, 2362)   0.51
    (796, 7)   0.54
    (797, 203)   0.49
    (798, 789)   0.49
    (799, 1982)   0.53
    (800, 8)   0.5
    (801, 111)   0.5
    (802, 566)   0.49
    (802, 735)   0.5
    (803, 2233)   0.5
    (804, 468)   0.49
    (805, 7)   0.49
    (806, 79)   0.49
    (808, 544)   0.51
    (809, 1305)   0.51
    (810, 861)   0.5
    (811, 1692)   0.55
    (812, 527)   0.51
    (815, 300)   0.49
    (816, 342)   0.49
    (817, 436)   0.49
    (818, 93)   0.49
    (819, 1249)   0.61
    (820, 2030)   0.5
    (821, 238)   0.49
    (822, 2306)   0.52
    (823, 2217)   0.49
    (824, 427)   0.5
    (825, 412)   0.51
    (827, 406)   0.49
    (828, 554)   0.49
    (829, 352)   0.5
    (832, 838)   0.49
    (833, 996)   0.61
    (835, 2251)   0.64
    (837, 80)   0.49
    (838, 443)   0.49
    (839, 308)   0.53
    (840, 633)   0.5
    (843, 1818)   0.5
    (844, 1258)   0.52
    (845, 778)   0.51
    (846, 1486)   0.5
    (847, 429)   0.52
    (848, 841)   0.51
    (849, 210)   0.49
    (851, 407)   0.53
    (852, 921)   0.51
    (853, 2054)   0.51
    (854, 1324)   0.5
    (855, 531)   0.49
    (856, 558)   0.5
    (857, 1674)   0.53
    (858, 880)   0.49
    (859, 1984)   0.5
    (860, 624)   0.52
    (861, 319)   0.49
    (862, 777)   0.53
    (863, 224)   0.49
    (864, 512)   0.52
    (865, 1330)   0.51
    (866, 2412)   0.52
    (867, 834)   0.51
    (868, 793)   0.49
    (868, 1415)   0.5
    (869, 506)   0.49
    (870, 117)   0.51
    (871, 2078)   0.5
    (872, 36)   0.49
    (872, 1845)   0.5
    (874, 1539)   0.5
    (875, 1498)   0.5
    (876, 752)   0.49
    (877, 1876)   0.5
    (878, 241)   0.5
    (879, 258)   0.49
    (880, 759)   0.49
    (881, 1192)   0.5
    (882, 1100)   0.53
    (883, 963)   0.49
    (884, 30)   0.5
    (884, 2107)   0.5
    (885, 360)   0.53
    (886, 398)   0.5
    (887, 2156)   0.5
    (888, 1254)   0.5
    (889, 26)   0.5
    (890, 259)   0.49
    (891, 6)   0.49
    (892, 732)   0.49
    (893, 80)   0.49
    (894, 43)   0.49
    (895, 1287)   0.5
    (896, 585)   0.49
    (897, 2266)   0.57
    (898, 675)   0.5
    (899, 1965)   0.54
    (900, 2223)   0.53
    (901, 1744)   0.54
    (902, 711)   0.53
    (903, 589)   0.5
    (904, 1914)   0.53
    (905, 1652)   0.53
    (907, 1021)   0.53
    (908, 1498)   0.51
    (909, 1118)   0.54
    (910, 596)   0.5
    (911, 215)   0.63
    (912, 1182)   0.5
    (913, 54)   0.49
    (916, 9)   0.5
    (916, 483)   0.5
    (917, 2411)   0.5
    (918, 9)   0.5
    (918, 838)   0.49
    (919, 1416)   0.51
    (921, 1224)   0.49
    (922, 52)   0.6
    (923, 610)   0.53
    (924, 1749)   0.5
    (925, 2225)   0.5
    (926, 830)   0.5
    (927, 8)   0.49
    (928, 2312)   0.57
    (930, 1291)   0.49
    (932, 45)   0.52
    (933, 1080)   0.51
    (934, 1314)   0.51
    (935, 604)   0.5
    (936, 758)   0.61
    (937, 121)   0.55
    (939, 610)   0.51
    (941, 1671)   0.49
    (942, 1268)   0.53
    (943, 95)   0.5
    (944, 759)   0.49
    (945, 93)   0.5
    (946, 507)   0.5
    (947, 274)   0.5
    (948, 1486)   0.53
    (949, 60)   0.49
    (950, 1581)   0.5
    (951, 1130)   0.52
    (955, 369)   0.52
    (956, 1486)   0.52
    (957, 2273)   0.5
    (958, 43)   0.5
    (961, 1736)   0.57
    (963, 54)   0.49
    (964, 2007)   0.5
    (965, 1737)   0.5
    (967, 596)   0.49
    (968, 1944)   0.51
    (969, 69)   0.49
    (970, 2071)   0.52
    (972, 205)   0.5
    (972, 836)   0.49
    (975, 40)   0.51
    (976, 1538)   0.5
    (977, 1339)   0.51
    (978, 708)   0.5
    (978, 1762)   0.51
    (979, 1498)   0.49
    (980, 232)   0.5
    (980, 419)   0.51
    (981, 1537)   0.62
    (982, 153)   0.51
    (984, 1590)   0.49
    (985, 12)   0.5
    (985, 313)   0.49
    (986, 428)   0.51
    (986, 2312)   0.52
    (987, 1610)   0.6
    (988, 1841)   0.5
    (989, 1650)   0.49
    (990, 1386)   0.5
    (991, 94)   0.49
    (992, 394)   0.5
    (993, 130)   0.5
    (994, 1007)   0.5
    (995, 625)   0.61
    (996, 2370)   0.53
    (997, 2380)   0.5
    (998, 140)   0.49
    (999, 1786)   0.5
    (1000, 540)   0.49
    (1001, 462)   0.6
    (1002, 1697)   0.52
    (1003, 1679)   0.5
    (1004, 623)   0.49
    (1005, 2302)   0.58
    (1006, 93)   0.5
    (1006, 1116)   0.5
    (1007, 466)   0.49
    (1008, 1848)   0.51
    (1010, 775)   0.49
    (1011, 1680)   0.51
    (1012, 1546)   0.51
    (1013, 92)   0.51
    (1014, 1597)   0.51
    (1015, 766)   0.51
    (1015, 1767)   0.51
    (1016, 566)   0.51
    (1017, 23)   0.5
    (1018, 41)   0.53
    (1019, 9)   0.49
    (1020, 381)   0.53
    (1023, 109)   0.5
    (1024, 2412)   0.5
    (1025, 879)   0.57
    (1026, 1029)   0.52
    (1027, 512)   0.5
    (1028, 2319)   0.5
    (1029, 188)   0.5
    (1030, 535)   0.5
    (1031, 823)   0.53
    (1032, 73)   0.5
    (1032, 929)   0.49
    (1033, 1312)   0.5
    (1034, 2265)   0.49
    (1035, 1499)   0.5
    (1036, 508)   0.49
    (1037, 1010)   0.49
    (1038, 434)   0.49
    (1039, 161)   0.49
    (1040, 528)   0.61
    (1042, 2208)   0.51
    (1043, 997)   0.49
    (1043, 1919)   0.49
    (1044, 1919)   0.49
    (1046, 1355)   0.55
    (1047, 1916)   0.5
    (1048, 602)   0.59
    (1049, 318)   0.5
    (1049, 1103)   0.5
    (1050, 352)   0.52
    (1051, 2174)   0.65
    (1052, 324)   0.49
    (1053, 289)   0.49
    (1054, 967)   0.51
    (1055, 1209)   0.5
    (1056, 161)   0.5
    (1056, 2365)   0.5
    (1057, 534)   0.5
    (1057, 599)   0.5
    (1058, 870)   0.49
    (1059, 1535)   0.5
    (1059, 1996)   0.5
    (1060, 470)   0.52
    (1060, 517)   0.55
    (1061, 1308)   0.51
    (1063, 1754)   0.5
    (1064, 331)   0.49
    (1066, 609)   0.51
    (1066, 1446)   0.51
    (1068, 45)   0.53
    (1069, 1579)   0.5
    (1070, 436)   0.51
    (1070, 1353)   0.5
    (1071, 478)   0.5
    (1072, 398)   0.49
    (1073, 954)   0.58
    (1074, 883)   0.6
    (1075, 1710)   0.54
    (1076, 691)   0.49
    (1077, 1853)   0.51
    (1078, 1587)   0.56
    (1079, 896)   0.49
    (1080, 371)   0.51
    (1082, 1335)   0.49
    (1083, 2030)   0.54
    (1084, 473)   0.53
    (1085, 1639)   0.51
    (1086, 363)   0.5
    (1087, 1708)   0.51
    (1089, 1368)   0.5
    (1090, 1335)   0.49
    (1090, 1939)   0.5
    (1091, 93)   0.49
    (1092, 90)   0.52
    (1093, 2336)   0.5
    (1094, 458)   0.49
    (1095, 2175)   0.5
    (1096, 26)   0.5
    (1097, 692)   0.52
    (1098, 830)   0.49
    (1101, 129)   0.49
    (1102, 345)   0.52
    (1103, 1687)   0.49
    (1104, 2299)   0.49
    (1106, 414)   0.49
    (1107, 1878)   0.51
    (1108, 904)   0.52
    (1109, 137)   0.52
    (1110, 2003)   0.5
    (1112, 2064)   0.5
    (1113, 531)   0.5
    (1114, 17)   0.49
    (1115, 2312)   0.53
    (1116, 415)   0.49
    (1117, 195)   0.49
    (1118, 1124)   0.5
    (1119, 2342)   0.51
    (1120, 805)   0.51
    (1121, 1373)   0.53
    (1122, 406)   0.52
    (1123, 295)   0.5
    (1123, 930)   0.5
    (1124, 1085)   0.5
    (1126, 1290)   0.5
    (1126, 1608)   0.5
    (1127, 174)   0.5
    (1128, 1291)   0.5
    (1128, 1316)   0.49
    (1129, 1127)   0.5
    (1130, 690)   0.51
    (1131, 10)   0.5
    (1132, 689)   0.5
    (1133, 1333)   0.53
    (1134, 2306)   0.52
    (1136, 32)   0.5
    (1136, 34)   0.49
    (1137, 1902)   0.49
    (1138, 1232)   0.52
    (1140, 1863)   0.51
    (1141, 1441)   0.55
    (1142, 1913)   0.51
    (1144, 40)   0.5
    (1144, 949)   0.5
    (1145, 679)   0.5
    (1145, 2214)   0.5
    (1146, 300)   0.53
    (1147, 2151)   0.6
    (1149, 1809)   0.5
    (1150, 330)   0.51
    (1150, 873)   0.5
    (1151, 983)   0.55
    (1152, 559)   0.51
    (1153, 1415)   0.5
    (1154, 1113)   0.49
    (1155, 1545)   0.49
    (1156, 1242)   0.5
    (1157, 45)   0.52
    (1158, 43)   0.49
    (1159, 964)   0.5
    (1160, 1675)   0.49
    (1161, 653)   0.5
    (1161, 2306)   0.5
    (1162, 648)   0.5
    (1163, 1727)   0.5
    (1164, 616)   0.49
    (1164, 927)   0.5
    (1165, 141)   0.49
    (1167, 334)   0.51
    (1168, 855)   0.53
    (1169, 200)   0.51
    (1169, 760)   0.5
    (1170, 838)   0.51
    (1171, 1008)   0.58
    (1172, 1317)   0.49
    (1173, 1747)   0.57
    (1174, 412)   0.5
    (1175, 159)   0.49
    (1176, 752)   0.52
    (1177, 81)   0.6
    (1178, 2100)   0.51
    (1179, 622)   0.49
    (1180, 475)   0.56
    (1181, 229)   0.53
    (1182, 519)   0.49
    (1182, 1636)   0.5
    (1183, 633)   0.5
    (1184, 759)   0.5
    (1185, 1175)   0.51
    (1186, 1129)   0.54
    (1187, 80)   0.5
    (1188, 591)   0.51
    (1189, 47)   0.49
    (1190, 1376)   0.5
    (1191, 682)   0.5
    (1192, 337)   0.5
    (1194, 397)   0.49
    (1195, 625)   0.53
    (1196, 1763)   0.52
    (1197, 1314)   0.49
    (1198, 484)   0.5
    (1199, 611)   0.49
    (1200, 1867)   0.53
    (1201, 1853)   0.51
    (1202, 1203)   0.51
    (1203, 558)   0.5
    (1204, 341)   0.49
    (1204, 1596)   0.5
    (1205, 1584)   0.49
    (1206, 305)   0.49
    (1206, 873)   0.53
    (1208, 1192)   0.51
    (1209, 574)   0.49
    (1210, 2377)   0.5
    (1212, 274)   0.5
    (1213, 464)   0.49
    (1214, 489)   0.49
    (1215, 182)   0.5
    (1216, 439)   0.5
    (1216, 755)   0.49
    (1217, 392)   0.54
    (1218, 673)   0.49
    (1218, 2294)   0.49
    (1219, 1283)   0.52
    (1220, 1045)   0.49
    (1221, 174)   0.55
    (1222, 474)   0.55
    (1224, 30)   0.49
    (1225, 2386)   0.54
    (1226, 352)   0.54
    (1227, 156)   0.53
    (1228, 1546)   0.51
    (1229, 85)   0.51
    (1230, 882)   0.63
    (1231, 334)   0.5
    (1232, 1799)   0.51
    (1233, 646)   0.49
    (1234, 2294)   0.49
    (1235, 36)   0.5
    (1235, 415)   0.49
    (1236, 28)   0.49
    (1238, 463)   0.52
    (1239, 793)   0.51
    (1240, 1158)   0.49
    (1241, 57)   0.49
    (1242, 533)   0.5
    (1243, 29)   0.51
    (1244, 1038)   0.51
    (1245, 1692)   0.51
    (1247, 521)   0.5
    (1248, 1168)   0.62
    (1249, 182)   0.49
    (1250, 697)   0.59
    (1252, 1945)   0.49
    (1253, 555)   0.49
    (1253, 1575)   0.5
    (1254, 711)   0.49
    (1255, 849)   0.5
    (1256, 1003)   0.5
    (1257, 1568)   0.49
    (1258, 430)   0.49
    (1259, 98)   0.51
    (1260, 834)   0.49
    (1260, 2078)   0.51
    (1261, 2035)   0.57
    (1263, 281)   0.52
    (1264, 117)   0.5
    (1265, 566)   0.5
    (1266, 1597)   0.51
    (1267, 1853)   0.52
    (1268, 192)   0.49
    (1269, 56)   0.51
    (1271, 1391)   0.5
    (1272, 403)   0.5
    (1273, 315)   0.5
    (1273, 2361)   0.5
    (1274, 480)   0.5
    (1275, 519)   0.5
    (1276, 1207)   0.51
    (1276, 1579)   0.51
    (1277, 1357)   0.5
    (1277, 1940)   0.5
    (1278, 1507)   0.5
    (1279, 49)   0.5
    (1280, 119)   0.5
    (1281, 1447)   0.5
    (1282, 1561)   0.62
    (1283, 1246)   0.5
    (1283, 1368)   0.51
    (1284, 1116)   0.52
    (1285, 1411)   0.53
    (1286, 778)   0.5
    (1286, 2183)   0.52
    (1287, 104)   0.49
    (1287, 336)   0.5
    (1288, 351)   0.5
    (1289, 634)   0.51
    (1289, 2013)   0.51
    (1289, 2125)   0.51
    (1290, 787)   0.5
    (1291, 348)   0.49
    (1292, 2271)   0.49
    (1293, 1736)   0.51
    (1294, 1338)   0.5
    (1295, 486)   0.51
    (1295, 776)   0.54
    (1296, 508)   0.49
    (1297, 1153)   0.49
    (1298, 537)   0.5
    (1299, 624)   0.51
    (1300, 805)   0.49
    (1301, 344)   0.5
    (1302, 740)   0.49
    (1303, 345)   0.55
    (1304, 62)   0.52
    (1305, 576)   0.49
    (1305, 1575)   0.5
    (1306, 1281)   0.51
    (1307, 920)   0.49
    (1307, 2025)   0.5
    (1309, 736)   0.6
    (1309, 1251)   0.55
    (1310, 688)   0.5
    (1310, 1691)   0.57
    (1311, 722)   0.51
    (1312, 472)   0.49
    (1312, 2011)   0.5
    (1313, 1111)   0.5
    (1313, 1749)   0.5
    (1314, 406)   0.49
    (1315, 2236)   0.5
    (1316, 533)   0.49
    (1317, 1148)   0.49
    (1318, 153)   0.49
    (1319, 1583)   0.51
    (1321, 669)   0.49
    (1323, 1125)   0.51
    (1324, 200)   0.49
    (1325, 1535)   0.54
    (1326, 160)   0.49
    (1326, 2169)   0.5
    (1327, 224)   0.49
    (1328, 672)   0.55
    (1329, 913)   0.5
    (1330, 740)   0.49
    (1331, 538)   0.49
    (1331, 775)   0.5
    (1332, 2153)   0.5
    (1333, 2327)   0.51
    (1334, 363)   0.55
    (1335, 491)   0.49
    (1336, 39)   0.49
    (1337, 226)   0.51
    (1339, 615)   0.49
    (1340, 240)   0.54
    (1341, 700)   0.5
    (1343, 1182)   0.49
    (1344, 503)   0.5
    (1345, 1914)   0.51
    (1347, 898)   0.49
    (1348, 1331)   0.49
    (1349, 2130)   0.53
    (1350, 705)   0.5
    (1351, 1011)   0.58
    (1352, 1359)   0.54
    (1353, 474)   0.5
    (1354, 826)   0.5
    (1355, 443)   0.5
    (1358, 507)   0.49
    (1359, 1597)   0.5
    (1359, 2389)   0.5
    (1360, 215)   0.63
    (1361, 1097)   0.51
    (1362, 289)   0.5
    (1363, 597)   0.5
    (1363, 2107)   0.5
    (1365, 240)   0.49
    (1365, 1774)   0.5
    (1366, 417)   0.51
    (1367, 19)   0.51
    (1368, 719)   0.49
    (1369, 228)   0.49
    (1370, 1187)   0.56
    (1371, 299)   0.5
    (1373, 126)   0.49
    (1373, 269)   0.5
    (1374, 407)   0.49
    (1375, 1657)   0.52
    (1376, 888)   0.49
    (1377, 419)   0.5
    (1377, 963)   0.5
    (1380, 521)   0.49
    (1380, 930)   0.5
    (1382, 952)   0.98
    (1383, 1012)   0.68
    (1384, 854)   0.49
    (1385, 678)   0.49
    (1385, 1737)   0.5
    (1386, 555)   0.49
    (1387, 2410)   0.49
    (1388, 713)   0.53
    (1389, 624)   0.49
    (1390, 21)   0.49
    (1391, 658)   0.5
    (1393, 413)   0.49
    (1393, 1010)   0.49
    (1394, 1214)   0.51
    (1395, 777)   0.49
    (1395, 1737)   0.49
    (1396, 1437)   0.66
    (1397, 566)   0.5
    (1399, 610)   0.5
    (1400, 1009)   0.49
    (1400, 1933)   0.49
    (1401, 276)   0.49
    (1402, 10)   0.5
    (1403, 1056)   0.51
    (1404, 292)   0.53
    (1405, 1052)   0.5
    (1406, 594)   0.54
    (1408, 795)   0.49
    (1408, 2383)   0.5
    (1409, 2122)   0.49
    (1410, 1393)   0.5
    (1411, 967)   0.49
    (1411, 1844)   0.49
    (1412, 973)   0.5
    (1412, 1950)   0.51
    (1413, 407)   0.5
    (1414, 127)   0.49
    (1414, 466)   0.49
    (1415, 318)   0.49
    (1416, 737)   0.49
    (1416, 1300)   0.49
    (1417, 694)   0.49
    (1418, 615)   0.51
    (1419, 1638)   0.5
    (1420, 1255)   0.49
    (1421, 210)   0.49
    (1422, 1777)   0.5
    (1423, 1114)   0.5
    (1424, 289)   0.5
    (1425, 547)   0.54
    (1426, 680)   0.49
    (1427, 1358)   0.54
    (1427, 2081)   0.51
    (1428, 1408)   0.5
    (1429, 560)   0.51
    (1430, 734)   0.51
    (1430, 1719)   0.51
    (1431, 691)   0.5
    (1431, 931)   0.49
    (1432, 45)   0.51
    (1433, 790)   0.49
    (1433, 2107)   0.5
    (1434, 1876)   0.5
    (1436, 1887)   0.5
    (1436, 2257)   0.5
    (1437, 844)   0.53
    (1438, 1281)   0.49
    (1439, 175)   0.5
    (1440, 102)   0.5
    (1440, 1329)   0.5
    (1441, 157)   0.49
    (1442, 979)   0.49
    (1443, 1354)   0.49
    (1444, 1145)   0.51
    (1445, 255)   0.52
    (1445, 1803)   0.51
    (1446, 1951)   0.5
    (1447, 707)   0.5
    (1447, 719)   0.49
    (1448, 508)   0.49
    (1449, 841)   0.49
    (1449, 1798)   0.5
    (1450, 422)   0.51
    (1451, 1344)   0.5
    (1452, 1754)   0.5
    (1453, 28)   0.5
    (1454, 2312)   0.51
    (1455, 111)   0.49
    (1456, 130)   0.5
    (1456, 960)   0.49
    (1457, 785)   0.5
    (1457, 971)   0.49
    (1458, 1505)   0.5
    (1459, 274)   0.49
    (1460, 797)   0.62
    (1461, 2196)   0.49
    (1462, 2130)   0.51
    (1463, 871)   0.51
    (1464, 2251)   0.61
    (1465, 51)   0.54
    (1466, 20)   0.49
    (1467, 278)   0.58
    (1468, 1098)   0.5
    (1468, 2393)   0.51
    (1469, 999)   0.52
    (1470, 1809)   0.58
    (1471, 1777)   0.54
    (1472, 28)   0.49
    (1474, 820)   0.5
    (1475, 2247)   0.5
    (1476, 940)   0.5
    (1477, 2329)   0.6
    (1478, 805)   0.54
    (1479, 369)   0.49
    (1480, 469)   0.62
    (1482, 603)   0.63
    (1483, 1145)   0.59
    (1485, 1461)   0.62
    (1486, 348)   0.5
    (1487, 593)   0.5
    (1488, 1257)   0.5
    (1489, 184)   0.49
    (1490, 2049)   0.49
    (1491, 2227)   0.5
    (1492, 536)   0.49
    (1494, 2081)   0.51
    (1495, 1379)   0.5
    (1495, 1679)   0.51
    (1496, 384)   0.5
    (1496, 1659)   0.5
    (1497, 2218)   0.55
    (1498, 83)   0.49
    (1499, 456)   0.49
    (1500, 1447)   0.52
    (1501, 110)   0.51
    (1502, 1414)   0.5
    (1503, 1175)   0.52
    (1503, 1398)   0.51
    (1504, 1381)   0.49
    (1505, 445)   0.5
    (1506, 1849)   0.5
    (1507, 1099)   0.49
    (1508, 875)   0.63
    (1509, 615)   0.5
    (1510, 174)   0.51
    (1511, 1214)   0.53
    (1512, 1659)   0.49
    (1513, 556)   0.57
    (1514, 1128)   0.52
    (1515, 2078)   0.5
    (1517, 1273)   0.5
    (1518, 380)   0.51
    (1520, 1049)   0.51
    (1520, 1765)   0.5
    (1521, 41)   0.51
    (1522, 827)   0.49
    (1523, 205)   0.53
    (1524, 1314)   0.49
    (1525, 582)   0.49
    (1526, 504)   0.5
    (1526, 2328)   0.5
    (1527, 404)   0.5
    (1527, 913)   0.5
    (1528, 617)   0.53
    (1529, 1502)   0.49
    (1530, 454)   0.5
    (1531, 1021)   0.5
    (1531, 1525)   0.5
    (1532, 2116)   0.5
    (1533, 893)   0.49
    (1534, 863)   0.51
    (1536, 2399)   0.5
    (1538, 1126)   0.49
    (1539, 918)   0.5
    (1540, 1350)   0.49
    (1542, 338)   0.51
    (1542, 1056)   0.51
    (1543, 723)   0.51
    (1544, 829)   0.61
    (1545, 880)   0.49
    (1545, 963)   0.49
    (1548, 1486)   0.52
    (1549, 1385)   0.49
    (1550, 2397)   0.49
    (1551, 1709)   0.52
    (1552, 1684)   0.5
    (1553, 489)   0.5
    (1554, 500)   0.59
    (1555, 1685)   0.55
    (1556, 1205)   0.57
    (1557, 1945)   0.49
    (1558, 504)   0.5
    (1558, 511)   0.49
    (1559, 2156)   0.5
    (1560, 710)   0.5
    (1561, 705)   0.52
    (1563, 153)   0.49
    (1564, 640)   0.5
    (1565, 431)   0.49
    (1565, 757)   0.5
    (1566, 112)   0.5
    (1566, 1125)   0.49
    (1567, 1369)   0.49
    (1568, 3)   0.5
    (1568, 298)   0.49
    (1569, 358)   0.5
    (1569, 1270)   0.49
    (1570, 1592)   0.52
    (1571, 1307)   0.5
    (1571, 1338)   0.49
    (1572, 22)   0.5
    (1573, 1081)   0.49
    (1573, 2206)   0.49
    (1574, 1522)   0.5
    (1575, 0)   0.49
    (1576, 5)   0.5
    (1576, 725)   0.49
    (1577, 962)   0.51
    (1577, 1657)   0.59
    (1578, 484)   0.59
    (1579, 285)   0.49
    (1580, 892)   0.5
    (1581, 814)   0.49
    (1582, 670)   0.51
    (1584, 0)   0.49
    (1585, 1100)   0.5
    (1585, 1547)   0.5
    (1586, 906)   0.51
    (1586, 1205)   0.52
    (1588, 1228)   0.54
    (1589, 288)   0.5
    (1590, 831)   0.49
    (1591, 1930)   0.53
    (1592, 771)   0.5
    (1594, 1857)   0.5
    (1595, 2155)   0.52
    (1596, 475)   0.5
    (1598, 7)   0.5
    (1599, 2196)   0.59
    (1600, 12)   0.49
    (1601, 333)   0.58
    (1602, 1581)   0.5
    (1603, 301)   0.61
    (1604, 2224)   0.61
    (1605, 2054)   0.55
    (1606, 749)   0.51
    (1607, 162)   0.54
    (1608, 463)   0.5
    (1609, 806)   0.5
    (1610, 432)   0.49
    (1611, 2275)   0.52
    (1612, 1062)   0.5
    (1612, 1454)   0.52
    (1613, 562)   0.5
    (1614, 1156)   0.5
    (1615, 736)   0.61
    (1616, 80)   0.5
    (1617, 1215)   0.61
    (1618, 865)   0.56
    (1619, 2369)   0.63
    (1620, 868)   0.51
    (1621, 977)   0.53
    (1621, 1022)   0.51
    (1622, 2084)   0.67
    (1623, 800)   0.53
    (1624, 1161)   0.53
    (1625, 0)   0.5
    (1626, 1322)   0.5
    (1626, 1598)   0.5
    (1627, 978)   0.51
    (1628, 2242)   0.64
    (1629, 487)   0.51
    (1629, 1138)   0.61
    (1630, 1776)   0.57
    (1631, 457)   0.49
    (1632, 135)   0.55
    (1633, 9)   0.5
    (1634, 470)   0.56
    (1635, 1154)   0.56
    (1636, 863)   0.49
    (1637, 320)   0.5
    (1638, 67)   0.51
    (1638, 1481)   0.49
    (1639, 1633)   0.5
    (1640, 365)   0.54
    (1641, 882)   0.66
    (1642, 215)   0.51
    (1643, 33)   0.51
    (1643, 1346)   0.49
    (1644, 117)   0.51
    (1644, 967)   0.51
    (1645, 1414)   0.5
    (1646, 1845)   0.49
    (1648, 372)   0.49
    (1649, 1757)   0.49
    (1650, 582)   0.49
    (1651, 1448)   0.5
    (1652, 1088)   0.52
    (1652, 2104)   0.53
    (1653, 1261)   0.53
    (1654, 1502)   0.5
    (1655, 876)   0.5
    (1656, 1262)   0.5
    (1658, 256)   0.57
    (1659, 458)   0.49
    (1660, 1675)   0.5
    (1661, 1650)   0.51
    (1662, 1380)   0.49
    (1663, 98)   0.49
    (1664, 1166)   0.5
    (1665, 1742)   0.52
    (1666, 2131)   0.54
    (1667, 1019)   0.54
    (1668, 1491)   0.56
    (1669, 132)   0.53
    (1670, 381)   0.5
    (1671, 236)   0.49
    (1672, 554)   0.5
    (1673, 33)   0.49
    (1673, 2148)   0.5
    (1674, 281)   0.5
    (1675, 650)   0.49
    (1676, 406)   0.49
    (1677, 831)   0.5
    (1678, 1336)   0.77
    (1679, 719)   0.5
    (1680, 61)   0.51
    (1681, 943)   0.52
    (1681, 1166)   0.51
    (1682, 247)   0.49
    (1683, 1446)   0.49
    (1684, 1067)   0.49
    (1685, 954)   0.49
    (1685, 1492)   0.49
    (1685, 2272)   0.5
    (1686, 2035)   0.6
    (1687, 597)   0.49
    (1688, 1279)   0.52
    (1688, 1484)   0.49
    (1689, 1211)   0.58
    (1690, 2138)   0.5
    (1691, 1002)   0.5
    (1692, 1044)   0.51
    (1692, 1065)   0.5
    (1692, 1132)   0.51
    (1693, 1816)   0.51
    (1694, 927)   0.5
    (1695, 344)   0.5
    (1696, 1381)   0.49
    (1697, 1008)   0.5
    (1698, 201)   0.5
    (1698, 1546)   0.49
    (1698, 2231)   0.49
    (1699, 36)   0.52
    (1701, 698)   0.52
    (1702, 289)   0.56
    (1703, 749)   0.61
    (1704, 2067)   0.5
    (1705, 285)   0.5
    (1705, 1516)   0.49
    (1706, 1908)   0.6
    (1707, 418)   0.52
    (1708, 2169)   0.5
    (1709, 466)   0.5
    (1709, 506)   0.49
    (1710, 240)   0.51
    (1710, 1587)   0.5
    (1711, 2365)   0.5
    (1712, 1398)   0.5
    (1713, 1558)   0.51
    (1714, 785)   0.49
    (1715, 1193)   0.49
    (1716, 977)   0.5
    (1716, 1610)   0.5
    (1717, 1144)   0.54
    (1718, 1637)   0.61
    (1719, 112)   0.51
    (1720, 2003)   0.5
    (1721, 1999)   0.51
    (1722, 262)   0.5
    (1723, 756)   0.49
    (1724, 502)   0.49
    (1724, 1816)   0.51
    (1725, 360)   0.49
    (1726, 119)   0.49
    (1727, 767)   0.5
    (1728, 915)   0.54
    (1729, 1564)   0.6
    (1730, 6)   0.49
    (1731, 2320)   0.53
    (1732, 399)   0.52
    (1733, 328)   0.5
    (1734, 966)   0.5
    (1735, 1169)   0.5
    (1736, 1606)   0.51
    (1737, 17)   0.49
    (1738, 1979)   0.53
    (1739, 137)   0.52
    (1740, 1222)   0.58
    (1741, 452)   0.5
    (1741, 1995)   0.5
    (1743, 390)   0.51
    (1744, 648)   0.52
    (1745, 1021)   0.58
    (1746, 1835)   0.51
    (1747, 779)   0.53
    (1748, 220)   0.5
    (1748, 845)   0.6
    (1749, 182)   0.5
    (1751, 1650)   0.49
    (1752, 499)   0.55
    (1753, 1418)   0.51
    (1753, 1657)   0.5
    (1754, 256)   0.49
    (1755, 1547)   0.49
    (1755, 1579)   0.5
    (1756, 99)   0.49
    (1757, 128)   0.49
    (1758, 1927)   0.5
    (1758, 2340)   0.5
    (1759, 2242)   0.55
    (1760, 298)   0.56
    (1761, 1019)   0.5
    (1762, 652)   0.49
    (1763, 324)   0.5
    (1764, 675)   0.49
    (1765, 264)   0.49
    (1766, 434)   0.49
    (1766, 1512)   0.5
    (1767, 1314)   0.49
    (1768, 528)   0.61
    (1769, 677)   0.5
    (1770, 354)   0.51
    (1771, 328)   0.51
    (1772, 2209)   0.49
    (1773, 722)   0.49
    (1773, 736)   0.5
    (1774, 1491)   0.49
    (1774, 1507)   0.49
    (1775, 1664)   0.62
    (1776, 547)   0.5
    (1777, 127)   0.49
    (1778, 620)   0.51
    (1780, 620)   0.52
    (1781, 1750)   0.53
    (1781, 2333)   0.54
    (1782, 762)   0.49
    (1782, 1916)   0.49
    (1783, 879)   0.56
    (1784, 1560)   0.51
    (1785, 1559)   0.5
    (1786, 1844)   0.49
    (1787, 1067)   0.5
    (1787, 1791)   0.5
    (1789, 38)   0.52
    (1790, 537)   0.49
    (1791, 638)   0.5
    (1792, 205)   0.5
    (1793, 1148)   0.51
    (1795, 834)   0.5
    (1795, 974)   0.49
    (1796, 1690)   0.61
    (1797, 1000)   0.51
    (1798, 22)   0.5
    (1799, 1788)   0.5
    (1799, 2306)   0.5
    (1800, 656)   0.51
    (1801, 1211)   0.51
    (1801, 1358)   0.51
    (1802, 2292)   0.5
    (1804, 1776)   0.5
    (1804, 2350)   0.5
    (1805, 118)   0.49
    (1805, 653)   0.5
    (1806, 882)   0.66
    (1807, 303)   0.51
    (1807, 635)   0.51
    (1808, 546)   0.62
    (1809, 367)   0.5
    (1810, 2122)   0.61
    (1811, 325)   0.62
    (1811, 784)   0.62
    (1812, 387)   0.49
    (1812, 543)   0.49
    (1813, 1851)   0.62
    (1814, 669)   0.53
    (1815, 2347)   0.52
    (1816, 980)   0.5
    (1817, 1101)   0.5
    (1817, 1377)   0.5
    (1818, 554)   0.5
    (1819, 871)   0.6
    (1820, 1916)   0.49
    (1821, 1316)   0.5
    (1822, 364)   0.5
    (1823, 1945)   0.5
    (1824, 952)   0.6
    (1824, 2339)   0.63
    (1825, 807)   0.49
    (1825, 2220)   0.49
    (1826, 191)   0.49
    (1827, 882)   0.64
    (1828, 22)   0.5
    (1828, 2337)   0.49
    (1829, 289)   0.63
    (1830, 1863)   0.5
    (1831, 1417)   0.51
    (1832, 477)   0.52
    (1833, 1837)   0.55
    (1834, 2100)   0.54
    (1835, 253)   0.51
    (1836, 429)   0.51
    (1837, 1519)   0.49
    (1837, 1590)   0.49
    (1838, 67)   0.5
    (1839, 1235)   0.51
    (1840, 2370)   0.5
    (1841, 924)   0.5
    (1842, 705)   0.5
    (1843, 777)   0.49
    (1844, 927)   0.49
    (1845, 3)   0.49
    (1846, 754)   0.5
    (1847, 1357)   0.49
    (1848, 1)   0.5
    (1848, 348)   0.5
    (1849, 1385)   0.5
    (1850, 754)   0.5
    (1851, 619)   0.53
    (1851, 1106)   0.5
    (1852, 615)   0.5
    (1852, 1094)   0.5
    (1853, 698)   0.5
    (1853, 762)   0.49
    (1854, 2302)   0.51
    (1855, 914)   0.5
    (1855, 1189)   0.5
    (1856, 348)   0.5
    (1857, 615)   0.5
    (1858, 41)   0.57
    (1859, 10)   0.5
    (1860, 727)   0.5
    (1860, 1223)   0.49
    (1861, 187)   0.49
    (1862, 653)   0.5
    (1864, 2168)   0.51
    (1865, 450)   0.5
    (1866, 1696)   0.5
    (1867, 248)   0.53
    (1869, 1560)   0.56
    (1870, 839)   0.51
    (1871, 1022)   0.51
    (1872, 1158)   0.52
    (1873, 952)   0.98
    (1874, 281)   0.5
    (1875, 2409)   0.54
    (1876, 6)   0.49
    (1877, 2272)   0.53
    (1878, 1648)   0.49
    (1879, 1679)   0.5
    (1880, 166)   0.51
    (1880, 1680)   0.5
    (1881, 1904)   0.51
    (1882, 935)   0.5
    (1883, 1690)   0.5
    (1884, 381)   0.49
    (1885, 1192)   0.55
    (1886, 120)   0.6
    (1887, 112)   0.5
    (1888, 1316)   0.49
    (1889, 393)   0.49
    (1889, 2157)   0.49
    (1891, 1156)   0.52
    (1892, 2129)   0.51
    (1893, 2113)   0.51
    (1894, 1742)   0.49
    (1895, 1017)   0.5
    (1895, 1381)   0.49
    (1896, 1158)   0.49
    (1897, 1525)   0.52
    (1898, 1705)   0.5
    (1899, 158)   0.5
    (1901, 484)   0.51
    (1902, 447)   0.49
    (1902, 2194)   0.5
    (1903, 615)   0.51
    (1904, 2205)   0.5
    (1905, 363)   0.51
    (1906, 385)   0.49
    (1907, 279)   0.57
    (1908, 791)   0.53
    (1910, 1223)   0.49
    (1911, 1165)   0.5
    (1912, 65)   0.5
    (1913, 135)   0.51
    (1914, 284)   0.51
    (1915, 272)   0.49
    (1916, 892)   0.49
    (1917, 400)   0.69
    (1918, 1568)   0.49
    (1919, 966)   0.49
    (1920, 1428)   0.5
    (1921, 212)   0.6
    (1922, 2137)   0.49
    (1923, 916)   0.5
    (1923, 1837)   0.49
    (1924, 27)   0.49
    (1925, 495)   0.49
    (1925, 1442)   0.49
    (1926, 514)   0.6
    (1927, 174)   0.49
    (1928, 44)   0.52
    (1929, 2302)   0.56
    (1930, 1317)   0.51
    (1930, 1536)   0.51
    (1931, 1032)   0.5
    (1931, 1320)   0.49
    (1932, 1909)   0.49
    (1933, 1104)   0.49
    (1934, 72)   0.49
    (1935, 148)   0.5
    (1936, 867)   0.51
    (1937, 368)   0.61
    (1938, 1535)   0.49
    (1939, 7)   0.49
    (1940, 1274)   0.5
    (1941, 1090)   0.53
    (1942, 230)   0.53
    (1943, 226)   0.49
    (1944, 194)   0.5
    (1944, 2107)   0.5
    (1945, 21)   0.49
    (1946, 1271)   0.49
    (1947, 408)   0.49
    (1948, 367)   0.51
    (1949, 2081)   0.5
    (1950, 915)   0.49
    (1950, 2327)   0.51
    (1951, 9)   0.5
    (1952, 1086)   0.55
    (1953, 2114)   0.52
    (1954, 1210)   0.49
    (1955, 170)   0.53
    (1956, 1997)   0.52
    (1957, 1253)   0.51
    (1958, 2103)   0.53
    (1959, 1224)   0.53
    (1960, 677)   0.5
    (1961, 164)   0.5
    (1962, 1411)   0.52
    (1963, 1135)   0.49
    (1963, 2200)   0.5
    (1964, 552)   0.54
    (1965, 1494)   0.57
    (1965, 1794)   0.52
    (1966, 8)   0.5
    (1966, 1700)   0.49
    (1967, 695)   0.54
    (1968, 938)   0.62
    (1969, 105)   0.52
    (1970, 1774)   0.54
    (1971, 591)   0.55
    (1972, 1805)   0.51
    (1974, 1450)   0.53
    (1975, 601)   0.54
    (1976, 2135)   0.49
    (1977, 115)   0.5
    (1978, 739)   0.5
    (1978, 1687)   0.5
    (1979, 615)   0.5
    (1980, 1458)   0.53
    (1981, 1157)   0.5
    (1982, 330)   0.49
    (1982, 1845)   0.5
    (1983, 540)   0.49
    (1984, 7)   0.49
    (1985, 983)   0.49
    (1985, 1947)   0.51
    (1986, 2343)   0.57
    (1987, 1766)   0.49
    (1988, 1323)   0.5
    (1989, 579)   0.5
    (1989, 2383)   0.5
    (1990, 1308)   0.51
    (1991, 416)   0.52
    (1992, 854)   0.49
    (1993, 964)   0.51
    (1994, 558)   0.49
    (1994, 1205)   0.5
    (1995, 813)   0.49
    (1995, 1355)   0.5
    (1995, 1466)   0.49
    (1996, 456)   0.5
    (1997, 1192)   0.52
    (1999, 2324)   0.49
    (2000, 2185)   0.5
    (2001, 938)   0.5
    (2001, 1879)   0.55
    (2002, 1300)   0.51
    (2002, 1583)   0.5
    (2003, 348)   0.5
    (2004, 136)   0.49
    (2005, 558)   0.5
    (2006, 1577)   0.54
    (2007, 1597)   0.49
    (2008, 147)   0.54
    (2009, 1613)   0.5
    (2010, 816)   0.49
    (2011, 1136)   0.49
    (2012, 2327)   0.54
    (2013, 206)   0.51
    (2014, 431)   0.52
    (2015, 1076)   0.5
    (2015, 1094)   0.5
    (2016, 1680)   0.52
    (2017, 849)   0.49
    (2017, 1845)   0.49
    (2018, 1790)   0.51
    (2019, 1926)   0.63
    (2020, 1566)   0.49
    (2021, 1730)   0.49
    (2022, 1497)   0.5
    (2023, 1437)   0.67
    (2024, 149)   0.5
    (2024, 1407)   0.49
    (2024, 1954)   0.49
    (2025, 226)   0.49
    (2026, 555)   0.62
    (2027, 1879)   0.61
    (2028, 803)   0.49
    (2029, 111)   0.5
    (2029, 1525)   0.49
    (2030, 593)   0.5
    (2031, 2030)   0.49
    (2032, 1812)   0.53
    (2033, 1132)   0.5
    (2034, 742)   0.52
    (2034, 1488)   0.52
    (2035, 272)   0.5
    (2036, 1400)   0.49
    (2037, 1285)   0.51
    (2038, 793)   0.53
    (2039, 296)   0.51
    (2040, 394)   0.5
    (2040, 2309)   0.51
    (2041, 304)   0.54
    (2042, 1274)   0.5
    (2043, 2015)   0.49
    (2044, 771)   0.52
    (2045, 2407)   0.5
    (2046, 1525)   0.53
    (2047, 1581)   0.49
    (2048, 893)   0.5
    (2049, 1237)   0.49
    (2049, 1865)   0.5
    (2049, 1895)   0.5
    (2050, 1659)   0.5
    (2051, 1779)   0.49
    (2051, 2064)   0.49
    (2053, 2229)   0.5
    (2054, 842)   0.49
    (2055, 1944)   0.5
    (2056, 2001)   0.51
    (2057, 1387)   0.5
    (2057, 2028)   0.5
    (2058, 70)   0.52
    (2059, 1787)   0.5
    (2060, 2254)   0.52
    (2061, 2126)   0.52
    (2062, 698)   0.66
    (2063, 1537)   0.49
    (2063, 1786)   0.49
    (2064, 826)   0.49
    (2064, 877)   0.5
    (2065, 892)   0.53
    (2066, 571)   0.51
    (2067, 2131)   0.49
    (2068, 577)   0.72
    (2070, 1132)   0.54
    (2071, 1254)   0.49
    (2072, 1646)   0.49
    (2073, 959)   0.62
    (2074, 431)   0.5
    (2075, 1774)   0.49
    (2076, 571)   0.51
    (2077, 2228)   0.49
    (2078, 467)   0.49
    (2078, 635)   0.5
    (2079, 7)   0.52
    (2080, 816)   0.51
    (2081, 1392)   0.5
    (2082, 1143)   0.49
    (2082, 1316)   0.51
    (2083, 1092)   0.62
    (2084, 1447)   0.5
    (2085, 310)   0.51
    (2086, 468)   0.57
    (2087, 190)   0.6
    (2088, 693)   0.52
    (2089, 1222)   0.5
    (2090, 113)   0.6
    (2091, 2145)   0.52
    (2092, 1804)   0.54
    (2093, 291)   0.5
    (2094, 365)   0.57
    (2095, 1206)   0.62
    (2096, 78)   0.51
    (2096, 1998)   0.49
    (2097, 116)   0.51
    (2098, 342)   0.5
    (2099, 58)   0.6
    (2099, 2052)   0.52
    (2100, 1231)   0.51
    (2100, 1356)   0.5
    (2101, 33)   0.5
    (2101, 544)   0.49
    (2102, 1647)   0.54
    (2102, 2104)   0.55
    (2103, 1077)   0.5
    (2104, 28)   0.5
    (2105, 1312)   0.5
    (2105, 1863)   0.49
    (2106, 1226)   0.53
    (2107, 17)   0.5
    (2108, 11)   0.5
    (2109, 1207)   0.5
    (2110, 69)   0.5
    (2111, 114)   0.5
    (2112, 510)   0.62
    (2113, 193)   0.5
    (2113, 2071)   0.49
    (2114, 390)   0.5
    (2115, 164)   0.51
    (2115, 1308)   0.49
    (2116, 1520)   0.5
    (2117, 1849)   0.49
    (2118, 1386)   0.5
    (2119, 1662)   0.51
    (2120, 861)   0.49
    (2121, 355)   0.52
    (2122, 410)   0.49
    (2122, 1786)   0.5
    (2123, 1094)   0.49
    (2124, 1244)   0.51
    (2125, 1753)   0.5
    (2126, 1835)   0.49
    (2127, 53)   0.5
    (2128, 279)   0.5
    (2128, 1426)   0.49
    (2129, 935)   0.49
    (2130, 107)   0.5
    (2130, 491)   0.5
    (2131, 1105)   0.49
    (2131, 2387)   0.5
    (2132, 1561)   0.54
    (2133, 1895)   0.49
    (2134, 483)   0.51
    (2135, 152)   0.49
    (2136, 803)   0.5
    (2137, 84)   0.5
    (2137, 1027)   0.49
    (2138, 190)   0.5
    (2138, 241)   0.49
    (2139, 2165)   0.5
    (2140, 1449)   0.5
    (2141, 320)   0.51
    (2142, 790)   0.49
    (2143, 2349)   0.51
    (2144, 143)   0.49
    (2145, 284)   0.51
    (2145, 746)   0.5
    (2146, 253)   0.5
    (2147, 678)   0.5
    (2148, 6)   0.5
    (2149, 1139)   0.5
    (2149, 2380)   0.51
    (2150, 867)   0.52
    (2151, 977)   0.52
    (2152, 1675)   0.52
    (2153, 354)   0.5
    (2154, 61)   0.5
    (2155, 792)   0.49
    (2156, 775)   0.49
    (2156, 927)   0.49
    (2157, 372)   0.49
    (2158, 1008)   0.63
    (2159, 259)   0.51
    (2160, 22)   0.51
    (2161, 1539)   0.49
    (2162, 1936)   0.5
    (2163, 399)   0.5
    (2163, 1645)   0.5
    (2164, 302)   0.52
    (2165, 231)   0.5
    (2166, 1537)   0.52
    (2167, 717)   0.51
    (2167, 1562)   0.5
    (2168, 1065)   0.49
    (2169, 764)   0.49
    (2170, 1844)   0.5
    (2170, 1909)   0.49
    (2171, 2236)   0.49
    (2172, 429)   0.52
    (2173, 1589)   0.58
    (2174, 730)   0.51
    (2175, 219)   0.49
    (2176, 156)   0.5
    (2177, 443)   0.5
    (2178, 1925)   0.49
    (2179, 1864)   0.5
    (2180, 294)   0.49
    (2181, 1008)   0.55
    (2182, 1314)   0.49
    (2183, 73)   0.5
    (2184, 574)   0.49
    (2185, 1314)   0.5
    (2185, 1593)   0.49
    (2186, 970)   0.51
    (2187, 1094)   0.5
    (2188, 471)   0.5
    (2188, 724)   0.5
    (2189, 136)   0.49
    (2190, 1581)   0.54
    (2191, 795)   0.5
    (2192, 211)   0.52
    (2193, 1973)   0.5
    (2193, 2351)   0.5
    (2194, 70)   0.5
    (2195, 264)   0.5
    (2196, 1262)   0.49
    (2197, 1386)   0.49
    (2198, 88)   0.49
    (2198, 95)   0.5
    (2199, 316)   0.51
    (2200, 119)   0.49
    (2200, 553)   0.49
    (2200, 1421)   0.49
    (2201, 1156)   0.51
    (2202, 1003)   0.5
    (2203, 1209)   0.49
    (2203, 2113)   0.5
    (2204, 291)   0.5
    (2205, 522)   0.49
    (2205, 1973)   0.5
    (2206, 261)   0.49
    (2207, 2169)   0.51
    (2208, 327)   0.51
    (2209, 1486)   0.49
    (2210, 1086)   0.49
    (2211, 439)   0.49
    (2212, 1994)   0.5
    (2213, 324)   0.5
    (2213, 417)   0.49
    (2214, 999)   0.5
    (2215, 1201)   0.5
    (2216, 1450)   0.51
    (2217, 78)   0.49
    (2218, 438)   0.49
    (2218, 2299)   0.49
    (2219, 841)   0.51
    (2220, 22)   0.49
    (2221, 1021)   0.53
    (2222, 854)   0.5
    (2223, 416)   0.5
    (2224, 1317)   0.5
    (2225, 473)   0.5
    (2226, 1880)   0.51
    (2227, 927)   0.49
    (2228, 1372)   0.49
    (2228, 2063)   0.49
    (2229, 1532)   0.52
    (2230, 1287)   0.51
    (2231, 631)   0.49
    (2232, 1089)   0.5
    (2232, 1890)   0.49
    (2233, 291)   0.49
    (2233, 1446)   0.5
    (2234, 1627)   0.5
    (2235, 1965)   0.58
    (2236, 1364)   0.49
    (2236, 2163)   0.5
    (2237, 477)   0.6
    (2238, 1502)   0.49
    (2240, 38)   0.49
    (2241, 958)   0.52
    (2242, 160)   0.49
    (2243, 369)   0.49
    (2244, 1539)   0.49
    (2244, 2180)   0.49
    (2245, 2229)   0.49
    (2246, 255)   0.51
    (2246, 1868)   0.5
    (2247, 789)   0.5
    (2247, 850)   0.49
    (2248, 1923)   0.51
    (2249, 70)   0.5
    (2249, 2196)   0.49
    (2250, 163)   0.52
    (2251, 184)   0.5
    (2252, 1358)   0.55
    (2253, 2130)   0.5
    (2254, 43)   0.49
    (2255, 90)   0.49
    (2255, 505)   0.5
    (2256, 1244)   0.6
    (2257, 64)   0.5
    (2258, 1254)   0.51
    (2259, 1222)   0.52
    (2260, 1049)   0.63
    (2261, 1220)   0.49
    (2262, 1161)   0.52
    (2263, 630)   0.51
    (2263, 1283)   0.52
    (2264, 1492)   0.5
    (2265, 473)   0.49
    (2266, 1523)   0.52
    (2267, 740)   0.49
    (2268, 1148)   0.5
    (2269, 775)   0.5
    (2270, 1095)   0.51
    (2271, 1220)   0.49
    (2271, 1786)   0.49
    (2272, 352)   0.5
    (2272, 475)   0.5
    (2273, 2078)   0.49
    (2274, 95)   0.5
    (2274, 1742)   0.49
    (2275, 1387)   0.5
    (2276, 127)   0.49
    (2277, 620)   0.53
    (2278, 1978)   0.5
    (2279, 953)   0.5
    (2279, 1612)   0.55
    (2280, 1540)   0.6
    (2281, 1123)   0.51
    (2281, 2239)   0.5
    (2282, 940)   0.49
    (2282, 1714)   0.49
    (2283, 414)   0.5
    (2284, 455)   0.51
    (2284, 2276)   0.51
    (2285, 240)   0.53
    (2286, 1708)   0.51
    (2287, 74)   0.5
    (2288, 482)   0.5
    (2288, 1546)   0.5
    (2289, 198)   0.5
    (2290, 559)   0.49
    (2290, 1519)   0.5
    (2291, 1687)   0.61
    (2292, 828)   0.49
    (2292, 1029)   0.5
    (2293, 817)   0.6
    (2294, 771)   0.49
    (2294, 1004)   0.49
    (2295, 327)   0.61
    (2296, 1227)   0.53
    (2297, 1399)   0.51
    (2298, 51)   0.5
    (2299, 228)   0.49
    (2300, 1473)   0.53
    (2300, 1778)   0.54
    (2301, 596)   0.5
    (2302, 2157)   0.49
    (2303, 443)   0.5
    (2304, 1391)   0.52
    (2305, 616)   0.5
    (2306, 665)   0.49
    (2307, 2326)   0.61
    (2308, 351)   0.49
    (2309, 727)   0.5
    (2310, 1165)   0.5
    (2311, 1900)   0.53
    (2312, 241)   0.49
    (2313, 2269)   0.5
    (2314, 527)   0.49
    (2315, 2312)   0.51
    (2316, 1314)   0.5
    (2317, 1720)   0.5
    (2318, 486)   0.55
    (2318, 2069)   0.49
    (2319, 1821)   0.49
    (2320, 395)   0.49
    (2321, 2122)   0.5
    (2322, 2307)   0.6
    (2323, 539)   0.5
    (2324, 694)   0.5
    (2324, 814)   0.49
    (2325, 1982)   0.51
    (2326, 1299)   0.61
    (2327, 435)   0.5
    (2327, 1041)   0.49
    (2328, 1493)   0.49
    (2328, 1533)   0.49
    (2329, 1704)   0.52
    (2330, 2024)   0.49
    (2331, 418)   0.61
    (2332, 1302)   0.51
    (2332, 1342)   0.5
    (2333, 481)   0.52
    (2333, 603)   0.52
    (2334, 1391)   0.52
    (2335, 65)   0.53
    (2336, 435)   0.5
    (2337, 354)   0.49
    (2338, 750)   0.49
    (2339, 426)   0.52
    (2340, 333)   0.49
    (2341, 2283)   0.63
    (2342, 71)   0.5
    (2342, 505)   0.5
    (2343, 2325)   0.51
    (2344, 869)   0.5
    (2345, 1680)   0.51
    (2346, 1812)   0.5
    (2347, 1106)   0.51
    (2348, 1736)   0.49
    (2349, 623)   0.49
    (2350, 106)   0.49
    (2351, 507)   0.49
    (2352, 2057)   0.51
    (2353, 477)   0.5
    (2354, 71)   0.52
    (2355, 1515)   0.49
    (2355, 1715)   0.49
    (2356, 714)   0.49
    (2356, 2389)   0.5
    (2357, 1437)   0.61
    (2358, 874)   0.5
    (2359, 211)   0.52
    (2360, 1663)   0.49
    (2361, 79)   0.49
    (2362, 164)   0.51
    (2363, 1723)   0.51
    (2364, 1900)   0.52
    (2364, 2258)   0.56
    (2365, 51)   0.49
    (2366, 1687)   0.49
    (2367, 1435)   0.49
    (2367, 2227)   0.5
    (2368, 10)   0.5
    (2369, 631)   0.49
    (2370, 622)   0.5
    (2370, 785)   0.5
    (2371, 1097)   0.53
    (2372, 200)   0.55
    (2373, 1379)   0.52
    (2374, 714)   0.5
    (2375, 966)   0.52
    (2376, 1493)   0.49
    (2377, 752)   0.49
    (2378, 2421)   0.53
    (2379, 103)   0.69
    (2380, 431)   0.5
    (2381, 449)   0.49
    (2381, 518)   0.51
    (2382, 1761)   0.6
    (2383, 158)   0.5
    (2384, 2140)   0.49
    (2385, 533)   0.6
    (2386, 620)   0.5
    (2387, 204)   0.49
    (2388, 1021)   0.5
    (2389, 817)   0.5
    (2389, 1841)   0.5
    (2390, 1161)   0.6
    (2391, 1875)   0.64
    (2392, 165)   0.51
    (2392, 1378)   0.49
    (2393, 164)   0.49
    (2394, 502)   0.51
    (2395, 577)   0.66
    (2396, 634)   0.53
    (2397, 711)   0.49
    (2398, 1587)   0.61
    (2399, 38)   0.5
    (2400, 36)   0.51
    (2400, 1541)   0.5
    (2401, 445)   0.53
    (2402, 112)   0.5
    (2403, 2076)   0.5
    (2404, 1144)   0.55
    (2405, 61)   0.51
    (2406, 577)   0.62
    (2407, 1913)   0.5
    (2408, 2410)   0.62
    (2409, 261)   0.49
    (2410, 959)   0.49
    (2411, 445)   0.49
    (2411, 824)   0.5
    (2412, 297)   0.5
    (2412, 2386)   0.5
    (2413, 1853)   0.49
    (2414, 426)   0.6
    (2415, 1050)   0.61
    (2416, 163)   0.6
    (2417, 559)   0.52
    (2418, 491)   0.52
    (2419, 2397)   0.49
    (2420, 991)   0.62
    (2421, 1238)   0.51
    (2422, 167)   0.61
    (2423, 701)   0.61
    (2424, 113)   0.51
    (2425, 802)   0.63
    (2426, 1803)   0.49
 [ GrB_reduce (jit: cpu load) 
   0.00315 sec ]
highest index: 0
