Loading matrix-market coordinate format data... 
 Reading from "/home/polina/учеба/uni_practice/spla/graph-bench/dataset/MISKnowledgeMap.mtx"
 Matrix size 2427 rows, 2427 cols
 Data: 28511 directed edges
 Opt: remove self-loops
 Opt: offset indices by -1
 Opt: double edges
 Reading data: ||||||||||||||||||||||||||||||||||| 100%
 Parsed in 0.090115 sec 28548 lines speed 316795 lines/sec
 Sorted in 0.061196 sec 0 lines
 Reduced in 0 sec 57022 lines
 Calc stats in 0 sec
 Loaded in 0.151315 sec, 57022 edges total
 deg: min 1, max 80, avg 23.4948, sd 13.2581
 distribution:
  [   1 -    9):     11% ***********
  [   9 -   13):     12% ***********
  [  13 -   16):    8.4% ********
  [  16 -   19):    9.3% *********
  [  19 -   23):     11% ***********
  [  23 -   26):    7.8% *******
  [  26 -   30):     11% **********
  [  30 -   36):     11% **********
  [  36 -   43):    9.7% *********
  [  43 -   81):    9.1% *********
env: OpenCL Acc Intel(R) OpenCL Graphics device: Intel(R) UHD Graphics vendor:intel mcu:23 wave:8 mwgs:256
start Boruvka MST, vertices = 2427
 - iteration 1 components 485 3483.39 ms
 - iteration 2 components 76 662.803 ms
 - iteration 3 components 3 161.346 ms
 - iteration 4 components 1 17.935 ms
MST complete after 4 iterations
start Boruvka MST, vertices = 2427
 - iteration 1 components 485 4454.94 ms
 - iteration 2 components 76 767.485 ms
 - iteration 3 components 3 202.221 ms
 - iteration 4 components 1 18.008 ms
MST complete after 4 iterations
start Boruvka MST, vertices = 2427
 - iteration 1 components 485 3693.67 ms
 - iteration 2 components 76 614.96 ms
 - iteration 3 components 3 90.295 ms
 - iteration 4 components 1 18.664 ms
MST complete after 4 iterations
start Boruvka MST, vertices = 2427
 - iteration 1 components 485 4513.24 ms
 - iteration 2 components 76 1001.37 ms
 - iteration 3 components 3 119.953 ms
 - iteration 4 components 1 26.366 ms
MST complete after 4 iterations
GPU MST total weight: 1241.53
MST edges (Spla):
(0, 1114) 0.5
(0, 1575) 0.49
(0, 1584) 0.49
(0, 1625) 0.5
(1, 136) 0.5
(1, 372) 0.5
(1, 966) 0.5
(1, 1848) 0.5
(2, 1545) 0.51
(3, 269) 0.5
(3, 483) 0.49
(3, 1845) 0.49
(4, 73) 0.5
(4, 76) 0.51
(5, 508) 0.5
(5, 626) 0.52
(5, 786) 0.53
(5, 1576) 0.5
(6, 35) 0.53
(6, 103) 0.49
(6, 143) 0.49
(6, 198) 0.5
(6, 214) 0.5
(6, 575) 0.5
(6, 747) 0.49
(6, 891) 0.49
(6, 1730) 0.49
(6, 1876) 0.49
(6, 2148) 0.5
(7, 53) 0.5
(7, 796) 0.54
(7, 805) 0.49
(7, 1053) 0.5
(7, 1598) 0.5
(7, 1939) 0.49
(7, 1984) 0.49
(7, 2079) 0.52
(8, 200) 0.5
(8, 205) 0.5
(8, 800) 0.5
(8, 927) 0.49
(8, 1966) 0.5
(9, 248) 0.5
(9, 458) 0.5
(9, 606) 0.5
(9, 916) 0.5
(9, 1019) 0.49
(9, 1633) 0.5
(9, 1951) 0.5
(9, 2148) 0.5
(10, 115) 0.49
(10, 597) 0.49
(10, 966) 0.5
(10, 1131) 0.5
(10, 1402) 0.5
(10, 1859) 0.5
(10, 2368) 0.5
(11, 15) 0.51
(11, 419) 0.5
(11, 614) 0.51
(11, 1010) 0.5
(11, 2108) 0.5
(12, 114) 0.51
(12, 498) 0.5
(12, 723) 0.5
(12, 1600) 0.49
(13, 1415) 0.53
(14, 153) 0.51
(16, 444) 0.51
(17, 473) 0.5
(17, 929) 0.5
(17, 1114) 0.49
(17, 1435) 0.5
(17, 1737) 0.49
(17, 2107) 0.5
(18, 187) 0.5
(19, 466) 0.51
(19, 1367) 0.51
(20, 1466) 0.49
(20, 1714) 0.5
(21, 1390) 0.49
(21, 1945) 0.49
(22, 279) 0.5
(22, 806) 0.5
(22, 1213) 0.5
(22, 1572) 0.5
(22, 1798) 0.5
(22, 2160) 0.51
(22, 2220) 0.49
(23, 691) 0.49
(23, 1017) 0.5
(24, 2240) 0.53
(25, 87) 0.5
(25, 105) 0.5
(25, 1636) 0.5
(26, 148) 0.5
(26, 236) 0.5
(26, 889) 0.5
(26, 1096) 0.5
(27, 1924) 0.49
(28, 55) 0.5
(28, 189) 0.49
(28, 777) 0.49
(28, 1236) 0.49
(28, 1453) 0.5
(28, 1472) 0.49
(28, 2104) 0.5
(29, 1243) 0.51
(29, 1945) 0.5
(30, 337) 0.5
(30, 884) 0.5
(30, 1224) 0.49
(31, 363) 0.5
(32, 376) 0.51
(32, 698) 0.5
(32, 783) 0.49
(32, 1136) 0.5
(33, 316) 0.49
(33, 1643) 0.51
(33, 1673) 0.49
(33, 2101) 0.5
(34, 60) 0.5
(34, 211) 0.51
(34, 1136) 0.49
(35, 409) 0.52
(36, 872) 0.49
(36, 1235) 0.5
(36, 1699) 0.52
(37, 83) 0.5
(37, 163) 0.49
(37, 412) 0.49
(37, 723) 0.49
(38, 427) 0.49
(38, 1789) 0.52
(38, 2240) 0.49
(38, 2399) 0.5
(39, 262) 0.51
(39, 1336) 0.49
(39, 1569) 0.51
(40, 541) 0.5
(40, 975) 0.51
(40, 1144) 0.5
(41, 1018) 0.53
(41, 1254) 0.51
(41, 1521) 0.51
(41, 1858) 0.57
(42, 1086) 0.52
(43, 128) 0.49
(43, 894) 0.49
(43, 958) 0.5
(43, 1158) 0.49
(43, 2254) 0.49
(44, 516) 0.51
(44, 841) 0.51
(44, 1928) 0.52
(45, 346) 0.52
(45, 932) 0.52
(45, 1068) 0.53
(45, 1157) 0.52
(45, 1390) 0.49
(45, 1432) 0.51
(46, 519) 0.5
(46, 711) 0.5
(46, 779) 0.51
(47, 1189) 0.49
(48, 196) 0.55
(48, 453) 0.49
(48, 590) 0.53
(49, 1279) 0.5
(49, 1876) 0.49
(50, 1307) 0.5
(51, 291) 0.5
(51, 488) 0.5
(51, 635) 0.5
(51, 1465) 0.54
(51, 2298) 0.5
(51, 2365) 0.49
(52, 922) 0.6
(52, 1346) 0.52
(53, 2127) 0.5
(54, 543) 0.5
(54, 635) 0.49
(54, 913) 0.49
(54, 963) 0.49
(55, 187) 0.49
(56, 295) 0.5
(56, 1269) 0.51
(57, 1241) 0.49
(57, 1730) 0.49
(57, 2255) 0.5
(58, 69) 0.5
(58, 372) 0.49
(58, 2099) 0.6
(59, 2356) 0.51
(60, 301) 0.5
(60, 652) 0.49
(60, 949) 0.49
(61, 1680) 0.51
(61, 2154) 0.5
(61, 2405) 0.51
(62, 77) 0.51
(62, 469) 0.5
(62, 754) 0.49
(62, 1304) 0.52
(63, 1437) 0.59
(64, 127) 0.5
(64, 374) 0.51
(64, 816) 0.5
(64, 2257) 0.5
(65, 102) 0.5
(65, 1912) 0.5
(65, 2335) 0.53
(66, 1730) 0.5
(67, 154) 0.5
(67, 553) 0.49
(67, 612) 0.49
(67, 1838) 0.5
(68, 615) 0.51
(69, 969) 0.49
(69, 2110) 0.5
(70, 379) 0.51
(70, 659) 0.52
(70, 1625) 0.5
(70, 2058) 0.52
(70, 2194) 0.5
(71, 1524) 0.5
(71, 2342) 0.5
(71, 2354) 0.52
(72, 1725) 0.51
(72, 1934) 0.49
(73, 99) 0.5
(73, 473) 0.5
(73, 2183) 0.5
(74, 187) 0.49
(74, 442) 0.49
(74, 670) 0.5
(74, 2287) 0.5
(75, 2021) 0.51
(76, 518) 0.5
(77, 271) 0.51
(78, 543) 0.49
(78, 668) 0.49
(78, 696) 0.49
(78, 984) 0.5
(78, 2217) 0.49
(79, 806) 0.49
(79, 2361) 0.49
(80, 837) 0.49
(80, 893) 0.49
(80, 963) 0.49
(80, 1187) 0.5
(80, 1416) 0.5
(80, 1616) 0.5
(81, 336) 0.5
(81, 1177) 0.6
(81, 1860) 0.5
(82, 1876) 0.49
(83, 1498) 0.49
(84, 562) 0.5
(84, 2137) 0.5
(85, 679) 0.52
(85, 1229) 0.51
(86, 333) 0.49
(86, 2342) 0.5
(87, 494) 0.52
(88, 2198) 0.49
(89, 345) 0.54
(90, 216) 0.5
(90, 571) 0.51
(90, 1092) 0.52
(90, 2255) 0.49
(91, 1193) 0.56
(92, 429) 0.5
(92, 1013) 0.51
(93, 466) 0.49
(93, 818) 0.49
(93, 945) 0.5
(93, 1006) 0.5
(93, 1091) 0.49
(94, 991) 0.49
(94, 1296) 0.5
(95, 943) 0.5
(95, 1575) 0.49
(95, 2198) 0.5
(95, 2274) 0.5
(96, 407) 0.51
(97, 985) 0.61
(98, 157) 0.49
(98, 603) 0.49
(98, 1259) 0.51
(98, 1663) 0.49
(99, 564) 0.49
(99, 1449) 0.5
(99, 1756) 0.49
(100, 394) 0.54
(101, 1752) 0.58
(102, 468) 0.5
(102, 761) 0.52
(102, 1440) 0.5
(103, 199) 0.51
(103, 2379) 0.69
(104, 1287) 0.49
(105, 195) 0.5
(105, 293) 0.58
(105, 401) 0.51
(105, 1969) 0.52
(106, 2350) 0.49
(107, 2130) 0.5
(108, 842) 0.5
(108, 2351) 0.5
(109, 537) 0.5
(109, 805) 0.5
(109, 1023) 0.5
(110, 308) 0.49
(110, 1501) 0.51
(111, 253) 0.5
(111, 503) 0.5
(111, 573) 0.51
(111, 801) 0.5
(111, 1455) 0.49
(111, 2029) 0.5
(112, 693) 0.5
(112, 1566) 0.5
(112, 1719) 0.51
(112, 1887) 0.5
(112, 2402) 0.5
(113, 284) 0.49
(113, 720) 0.51
(113, 2090) 0.6
(113, 2424) 0.51
(114, 2111) 0.5
(115, 272) 0.51
(115, 392) 0.5
(115, 1977) 0.5
(116, 1888) 0.5
(116, 2097) 0.51
(117, 186) 0.54
(117, 870) 0.51
(117, 1264) 0.5
(117, 1489) 0.51
(117, 1644) 0.51
(118, 1805) 0.49
(119, 248) 0.49
(119, 1280) 0.5
(119, 1726) 0.49
(119, 2200) 0.49
(120, 261) 0.49
(120, 1886) 0.6
(121, 546) 0.49
(121, 937) 0.55
(122, 1182) 0.52
(123, 1013) 0.55
(124, 1536) 0.51
(125, 1127) 0.51
(126, 1373) 0.49
(127, 252) 0.56
(127, 604) 0.49
(127, 1414) 0.49
(127, 1777) 0.49
(127, 2276) 0.49
(128, 439) 0.49
(128, 505) 0.5
(128, 1757) 0.49
(129, 132) 0.49
(129, 729) 0.5
(129, 1101) 0.49
(130, 275) 0.5
(130, 993) 0.5
(130, 1456) 0.5
(131, 769) 0.5
(131, 1943) 0.5
(132, 244) 0.52
(132, 507) 0.5
(132, 1669) 0.53
(133, 1441) 0.51
(134, 204) 0.49
(134, 299) 0.5
(134, 1144) 0.5
(135, 206) 0.49
(135, 1632) 0.55
(135, 1913) 0.51
(136, 2004) 0.49
(136, 2189) 0.49
(137, 300) 0.51
(137, 1109) 0.52
(137, 1739) 0.52
(138, 2123) 0.5
(139, 475) 0.53
(140, 998) 0.49
(140, 1117) 0.51
(141, 456) 0.5
(141, 1165) 0.49
(141, 1449) 0.5
(142, 334) 0.5
(142, 2340) 0.5
(143, 684) 0.49
(143, 2144) 0.49
(144, 400) 0.5
(145, 596) 0.49
(146, 169) 0.56
(146, 1420) 0.53
(147, 1356) 0.51
(147, 1512) 0.5
(147, 2008) 0.54
(148, 336) 0.49
(148, 612) 0.49
(148, 1935) 0.5
(149, 358) 0.49
(149, 2024) 0.5
(150, 576) 0.5
(151, 314) 0.51
(151, 569) 0.49
(152, 641) 0.49
(152, 2135) 0.49
(153, 356) 0.51
(153, 982) 0.51
(153, 1318) 0.49
(153, 1563) 0.49
(155, 2231) 0.52
(156, 1227) 0.53
(156, 2176) 0.5
(156, 2242) 0.5
(157, 336) 0.49
(157, 1441) 0.49
(158, 707) 0.49
(158, 1899) 0.5
(158, 2383) 0.5
(159, 336) 0.5
(159, 1175) 0.49
(160, 1023) 0.5
(160, 1326) 0.49
(160, 2242) 0.49
(161, 1039) 0.49
(161, 1056) 0.5
(161, 1314) 0.5
(161, 2274) 0.5
(162, 408) 0.5
(162, 1607) 0.54
(163, 313) 0.5
(163, 553) 0.49
(163, 2250) 0.52
(163, 2416) 0.6
(164, 165) 0.5
(164, 177) 0.51
(164, 828) 0.5
(164, 1961) 0.5
(164, 2362) 0.51
(164, 2393) 0.49
(165, 480) 0.5
(165, 492) 0.5
(165, 546) 0.49
(165, 770) 0.5
(165, 1804) 0.51
(165, 2392) 0.51
(166, 782) 0.5
(166, 1390) 0.5
(166, 1880) 0.51
(167, 412) 0.5
(167, 2422) 0.61
(168, 830) 0.52
(170, 402) 0.54
(170, 726) 0.51
(170, 1955) 0.53
(170, 2365) 0.49
(171, 1472) 0.5
(172, 877) 0.51
(173, 1272) 0.54
(174, 480) 0.49
(174, 1127) 0.5
(174, 1221) 0.55
(174, 1510) 0.51
(174, 1927) 0.49
(175, 381) 0.5
(175, 1439) 0.5
(176, 424) 0.5
(178, 750) 0.55
(179, 889) 0.63
(180, 324) 0.5
(180, 2144) 0.5
(181, 1612) 0.51
(182, 316) 0.49
(182, 1215) 0.5
(182, 1249) 0.49
(182, 1749) 0.5
(183, 453) 0.5
(183, 863) 0.5
(184, 247) 0.5
(184, 251) 0.5
(184, 916) 0.5
(184, 1489) 0.49
(184, 2251) 0.5
(185, 1415) 0.5
(187, 441) 0.5
(187, 612) 0.49
(187, 1861) 0.49
(188, 921) 0.5
(188, 1029) 0.5
(190, 1234) 0.5
(190, 2087) 0.6
(190, 2138) 0.5
(191, 577) 0.55
(191, 1010) 0.5
(191, 1826) 0.49
(192, 197) 0.5
(192, 208) 0.52
(192, 1268) 0.49
(193, 747) 0.49
(193, 773) 0.52
(194, 1944) 0.5
(195, 1117) 0.49
(197, 1472) 0.5
(198, 439) 0.49
(198, 2289) 0.5
(200, 584) 0.49
(200, 1169) 0.51
(200, 1324) 0.49
(200, 2372) 0.55
(201, 210) 0.5
(201, 421) 0.51
(201, 1698) 0.5
(202, 443) 0.52
(203, 797) 0.49
(203, 1456) 0.51
(204, 603) 0.49
(204, 2387) 0.49
(205, 972) 0.5
(205, 1523) 0.53
(205, 1792) 0.5
(206, 2013) 0.51
(207, 678) 0.51
(209, 2327) 0.5
(210, 576) 0.5
(210, 849) 0.49
(210, 1421) 0.49
(211, 2192) 0.52
(211, 2359) 0.52
(212, 707) 0.5
(212, 1921) 0.6
(213, 215) 0.57
(215, 430) 0.5
(215, 911) 0.63
(215, 1360) 0.63
(215, 1642) 0.51
(216, 411) 0.5
(217, 1026) 0.55
(218, 497) 0.51
(218, 682) 0.5
(218, 1662) 0.52
(219, 642) 0.52
(219, 764) 0.5
(219, 2175) 0.49
(220, 1748) 0.5
(221, 543) 0.51
(222, 1920) 0.56
(223, 259) 0.51
(224, 863) 0.49
(224, 1327) 0.49
(224, 2361) 0.5
(225, 372) 0.49
(226, 1337) 0.51
(226, 1943) 0.49
(226, 2025) 0.49
(226, 2217) 0.49
(227, 662) 0.51
(228, 645) 0.51
(228, 872) 0.5
(228, 1369) 0.49
(228, 1757) 0.49
(228, 2299) 0.49
(229, 291) 0.49
(229, 350) 0.58
(229, 479) 0.5
(229, 1181) 0.53
(230, 270) 0.49
(230, 1751) 0.5
(230, 1942) 0.53
(231, 1918) 0.5
(231, 2165) 0.5
(232, 980) 0.5
(233, 713) 0.53
(233, 1826) 0.51
(234, 2031) 0.53
(235, 2361) 0.49
(236, 1671) 0.49
(237, 265) 0.52
(238, 312) 0.53
(238, 724) 0.49
(238, 821) 0.49
(238, 1043) 0.5
(239, 274) 0.5
(239, 364) 0.49
(239, 2156) 0.5
(240, 1340) 0.54
(240, 1365) 0.49
(240, 1710) 0.51
(240, 2285) 0.53
(241, 878) 0.5
(241, 2138) 0.49
(241, 2312) 0.49
(242, 310) 0.5
(242, 743) 0.54
(243, 281) 0.51
(243, 524) 0.49
(245, 484) 0.49
(246, 2196) 0.5
(247, 1682) 0.49
(248, 276) 0.5
(248, 392) 0.5
(248, 596) 0.49
(248, 1867) 0.53
(249, 535) 0.49
(249, 775) 0.49
(250, 558) 0.49
(251, 289) 0.5
(253, 605) 0.64
(253, 1103) 0.5
(253, 1835) 0.51
(253, 2146) 0.5
(254, 1223) 0.54
(255, 561) 0.59
(255, 1010) 0.5
(255, 1445) 0.52
(256, 715) 0.49
(256, 1442) 0.5
(256, 1658) 0.57
(256, 1754) 0.49
(257, 1700) 0.5
(258, 879) 0.49
(258, 1472) 0.49
(259, 890) 0.49
(259, 921) 0.5
(259, 2159) 0.51
(259, 2367) 0.5
(260, 750) 0.5
(260, 891) 0.5
(261, 1673) 0.5
(261, 2206) 0.49
(261, 2409) 0.49
(262, 1722) 0.5
(263, 1954) 0.56
(264, 1765) 0.49
(264, 2195) 0.5
(265, 657) 0.52
(266, 1439) 0.5
(267, 429) 0.51
(267, 2137) 0.5
(267, 2267) 0.5
(268, 1597) 0.5
(270, 552) 0.54
(272, 529) 0.49
(272, 1915) 0.49
(272, 2035) 0.5
(273, 348) 0.51
(274, 947) 0.5
(274, 1212) 0.5
(274, 1459) 0.49
(275, 2240) 0.5
(276, 768) 0.49
(276, 1401) 0.49
(277, 514) 0.55
(278, 1467) 0.58
(278, 1698) 0.54
(279, 1907) 0.57
(280, 685) 0.5
(281, 1263) 0.52
(281, 1674) 0.5
(281, 1874) 0.5
(282, 745) 0.53
(283, 1441) 0.53
(284, 750) 0.5
(284, 1914) 0.51
(284, 2145) 0.51
(285, 462) 0.56
(285, 715) 0.49
(285, 1579) 0.49
(285, 1705) 0.5
(286, 378) 0.51
(286, 1243) 0.51
(287, 920) 0.5
(288, 300) 0.49
(288, 521) 0.5
(288, 1589) 0.5
(288, 2209) 0.5
(289, 1053) 0.49
(289, 1362) 0.5
(289, 1424) 0.5
(289, 1702) 0.56
(289, 1829) 0.63
(290, 1039) 0.49
(291, 342) 0.49
(291, 2093) 0.5
(291, 2204) 0.5
(291, 2233) 0.49
(292, 418) 0.51
(292, 1358) 0.5
(292, 1404) 0.53
(294, 1291) 0.5
(294, 2180) 0.49
(295, 344) 0.5
(295, 1123) 0.5
(295, 2361) 0.49
(296, 326) 0.5
(296, 1682) 0.5
(296, 2039) 0.51
(297, 2412) 0.5
(298, 1568) 0.49
(298, 1760) 0.56
(299, 1371) 0.5
(300, 407) 0.5
(300, 815) 0.49
(300, 1146) 0.53
(301, 523) 0.55
(301, 777) 0.49
(301, 1603) 0.61
(302, 475) 0.52
(302, 2164) 0.52
(303, 1807) 0.51
(304, 596) 0.5
(304, 632) 0.51
(304, 2041) 0.54
(305, 1206) 0.49
(305, 1835) 0.53
(306, 698) 0.51
(307, 381) 0.5
(308, 839) 0.53
(308, 1187) 0.5
(309, 407) 0.51
(310, 457) 0.51
(310, 593) 0.5
(310, 2085) 0.51
(311, 1395) 0.51
(313, 985) 0.49
(314, 972) 0.51
(315, 594) 0.5
(315, 1273) 0.5
(316, 400) 0.49
(316, 2199) 0.51
(317, 1358) 0.5
(318, 1049) 0.5
(318, 1415) 0.49
(319, 861) 0.49
(319, 1648) 0.5
(320, 332) 0.53
(320, 1365) 0.5
(320, 1637) 0.5
(320, 2141) 0.51
(321, 1987) 0.51
(322, 720) 0.51
(323, 646) 0.5
(323, 1056) 0.5
(324, 1052) 0.49
(324, 1763) 0.5
(324, 2213) 0.5
(325, 1811) 0.62
(326, 675) 0.5
(327, 667) 0.5
(327, 2208) 0.51
(327, 2295) 0.61
(328, 791) 0.51
(328, 1733) 0.5
(328, 1771) 0.51
(329, 2140) 0.52
(330, 1982) 0.49
(331, 1064) 0.49
(331, 1421) 0.49
(333, 593) 0.5
(333, 641) 0.5
(333, 1601) 0.58
(333, 2340) 0.49
(334, 1167) 0.51
(334, 1231) 0.5
(335, 872) 0.5
(336, 1287) 0.5
(336, 1945) 0.49
(337, 572) 0.49
(337, 751) 0.49
(337, 1192) 0.5
(338, 1542) 0.51
(339, 519) 0.49
(339, 680) 0.5
(340, 1009) 0.5
(341, 1204) 0.49
(342, 816) 0.49
(342, 2098) 0.5
(343, 1766) 0.5
(344, 1301) 0.5
(344, 1695) 0.5
(345, 371) 0.5
(345, 542) 0.5
(345, 1102) 0.52
(345, 1303) 0.55
(347, 407) 0.53
(348, 684) 0.49
(348, 1291) 0.49
(348, 1486) 0.5
(348, 1856) 0.5
(348, 2003) 0.5
(349, 1393) 0.5
(351, 1288) 0.5
(351, 1844) 0.5
(351, 2308) 0.49
(352, 829) 0.5
(352, 1050) 0.52
(352, 1226) 0.54
(352, 2272) 0.5
(353, 913) 0.51
(354, 1682) 0.5
(354, 1770) 0.51
(354, 2153) 0.5
(354, 2337) 0.49
(355, 1401) 0.5
(355, 2121) 0.52
(357, 1538) 0.5
(358, 1569) 0.5
(359, 407) 0.5
(360, 594) 0.49
(360, 885) 0.53
(360, 1725) 0.49
(361, 2294) 0.5
(362, 2036) 0.5
(363, 752) 0.5
(363, 1086) 0.5
(363, 1334) 0.55
(363, 1905) 0.51
(364, 1822) 0.5
(365, 642) 0.52
(365, 1640) 0.54
(365, 2094) 0.57
(366, 1415) 0.49
(366, 1737) 0.5
(367, 1809) 0.5
(367, 1948) 0.51
(367, 2004) 0.49
(368, 543) 0.5
(368, 1937) 0.61
(369, 505) 0.5
(369, 748) 0.51
(369, 955) 0.52
(369, 1479) 0.49
(369, 2243) 0.49
(370, 2278) 0.51
(371, 447) 0.5
(371, 471) 0.49
(371, 661) 0.56
(371, 1080) 0.51
(372, 1189) 0.49
(372, 1241) 0.49
(372, 1648) 0.49
(372, 2157) 0.49
(373, 863) 0.49
(374, 613) 0.52
(375, 930) 0.5
(376, 586) 0.53
(377, 1150) 0.51
(377, 1505) 0.51
(380, 620) 0.51
(380, 662) 0.49
(380, 1518) 0.51
(381, 570) 0.5
(381, 1020) 0.53
(381, 1105) 0.5
(381, 1670) 0.5
(381, 1884) 0.49
(382, 2176) 0.54
(383, 1763) 0.5
(384, 1496) 0.5
(385, 599) 0.51
(385, 1906) 0.49
(386, 1925) 0.5
(387, 600) 0.49
(387, 653) 0.5
(387, 1812) 0.49
(388, 510) 0.49
(388, 533) 0.5
(388, 556) 0.49
(389, 407) 0.51
(390, 1357) 0.5
(390, 1743) 0.51
(390, 2054) 0.5
(390, 2114) 0.5
(391, 2350) 0.52
(392, 1217) 0.54
(393, 1889) 0.49
(394, 992) 0.5
(394, 1235) 0.51
(394, 2040) 0.5
(395, 1287) 0.5
(395, 2320) 0.49
(396, 1390) 0.5
(397, 1194) 0.49
(397, 2017) 0.5
(398, 478) 0.5
(398, 886) 0.5
(398, 1072) 0.49
(398, 1158) 0.49
(399, 730) 0.49
(399, 1732) 0.52
(399, 2163) 0.5
(400, 1917) 0.69
(402, 530) 0.6
(403, 1158) 0.51
(403, 1272) 0.5
(404, 1527) 0.5
(405, 437) 0.51
(406, 827) 0.49
(406, 1122) 0.52
(406, 1314) 0.49
(406, 1676) 0.49
(407, 423) 0.49
(407, 851) 0.53
(407, 1374) 0.49
(407, 1413) 0.5
(407, 1884) 0.49
(408, 531) 0.49
(408, 1947) 0.49
(410, 2122) 0.49
(412, 664) 0.5
(412, 825) 0.51
(412, 1174) 0.5
(413, 1393) 0.49
(414, 1106) 0.49
(414, 2283) 0.5
(415, 1116) 0.49
(415, 1235) 0.49
(416, 972) 0.5
(416, 1991) 0.52
(416, 2223) 0.5
(417, 1366) 0.51
(417, 2213) 0.49
(418, 496) 0.66
(418, 1707) 0.52
(418, 2331) 0.61
(419, 464) 0.5
(419, 980) 0.51
(419, 1377) 0.5
(420, 739) 0.51
(421, 549) 0.51
(422, 554) 0.5
(422, 1450) 0.51
(424, 589) 0.5
(425, 718) 0.54
(426, 991) 0.5
(426, 2339) 0.52
(426, 2414) 0.6
(427, 824) 0.5
(428, 986) 0.51
(429, 674) 0.53
(429, 847) 0.52
(429, 1836) 0.51
(429, 2172) 0.52
(430, 583) 0.51
(430, 1258) 0.49
(430, 1700) 0.5
(430, 2015) 0.5
(431, 1565) 0.49
(431, 2014) 0.52
(431, 2074) 0.5
(431, 2380) 0.5
(432, 1610) 0.49
(433, 966) 0.5
(434, 752) 0.49
(434, 1038) 0.49
(434, 1459) 0.49
(434, 1766) 0.49
(435, 805) 0.49
(435, 2327) 0.5
(435, 2336) 0.5
(436, 817) 0.49
(436, 1070) 0.51
(437, 589) 0.5
(437, 1114) 0.5
(438, 2218) 0.49
(439, 1216) 0.5
(439, 2211) 0.49
(440, 777) 0.51
(443, 560) 0.5
(443, 838) 0.49
(443, 1090) 0.5
(443, 1355) 0.5
(443, 1994) 0.5
(443, 2177) 0.5
(443, 2303) 0.5
(444, 1165) 0.51
(445, 886) 0.5
(445, 1505) 0.5
(445, 2401) 0.53
(445, 2411) 0.49
(446, 652) 0.5
(447, 1902) 0.49
(448, 2298) 0.56
(449, 2381) 0.49
(450, 1865) 0.5
(451, 553) 0.51
(452, 1741) 0.5
(454, 1530) 0.5
(455, 2284) 0.51
(456, 680) 0.5
(456, 1499) 0.49
(456, 1996) 0.5
(457, 1631) 0.49
(458, 1094) 0.49
(458, 1659) 0.49
(459, 2081) 0.51
(460, 1525) 0.5
(461, 604) 0.52
(462, 1001) 0.6
(463, 1238) 0.52
(463, 1608) 0.5
(464, 592) 0.5
(464, 1213) 0.49
(465, 477) 0.52
(466, 1007) 0.49
(466, 1414) 0.49
(467, 2078) 0.49
(468, 804) 0.49
(468, 1790) 0.5
(468, 2086) 0.57
(469, 1480) 0.62
(469, 1945) 0.5
(470, 1060) 0.52
(470, 1634) 0.56
(471, 2188) 0.5
(472, 1312) 0.49
(473, 658) 0.49
(473, 1084) 0.53
(473, 2225) 0.5
(473, 2265) 0.49
(474, 1222) 0.55
(474, 1353) 0.5
(475, 1180) 0.56
(475, 1189) 0.5
(475, 1596) 0.5
(475, 2272) 0.5
(476, 1373) 0.49
(477, 556) 0.49
(477, 1832) 0.52
(477, 2237) 0.6
(477, 2353) 0.5
(478, 1071) 0.5
(480, 1274) 0.5
(481, 2333) 0.52
(482, 2288) 0.5
(483, 666) 0.5
(483, 2134) 0.51
(484, 1198) 0.5
(484, 1578) 0.59
(484, 1901) 0.51
(484, 2176) 0.5
(485, 1353) 0.51
(486, 1295) 0.51
(486, 2318) 0.55
(487, 1629) 0.51
(489, 554) 0.5
(489, 604) 0.5
(489, 1214) 0.49
(489, 1553) 0.5
(490, 1474) 0.51
(491, 1335) 0.49
(491, 2130) 0.5
(491, 2418) 0.52
(493, 502) 0.51
(493, 2278) 0.51
(495, 764) 0.5
(495, 1925) 0.49
(499, 1752) 0.55
(499, 2137) 0.51
(500, 591) 0.49
(500, 1554) 0.59
(501, 615) 0.5
(502, 1724) 0.49
(502, 2394) 0.51
(503, 1344) 0.5
(504, 1526) 0.5
(504, 1558) 0.5
(506, 869) 0.49
(506, 1537) 0.5
(506, 1709) 0.49
(507, 946) 0.5
(507, 1358) 0.49
(507, 2351) 0.49
(508, 1036) 0.49
(508, 1136) 0.5
(508, 1296) 0.49
(508, 1448) 0.49
(509, 1242) 0.51
(510, 2112) 0.62
(511, 1558) 0.49
(512, 658) 0.49
(512, 864) 0.52
(513, 618) 0.5
(514, 980) 0.51
(514, 1926) 0.6
(515, 762) 0.51
(517, 1060) 0.55
(517, 1220) 0.51
(518, 738) 0.55
(518, 2381) 0.51
(519, 1182) 0.49
(519, 1275) 0.5
(520, 1296) 0.5
(521, 1247) 0.5
(521, 1380) 0.49
(522, 2205) 0.49
(524, 972) 0.5
(525, 2356) 0.55
(526, 1985) 0.51
(527, 812) 0.51
(527, 1767) 0.5
(527, 2314) 0.49
(528, 625) 0.51
(528, 1040) 0.61
(528, 1768) 0.61
(529, 704) 0.49
(531, 855) 0.49
(531, 1113) 0.5
(531, 1373) 0.5
(532, 1144) 0.58
(533, 1242) 0.5
(533, 1316) 0.49
(533, 2385) 0.6
(534, 1057) 0.5
(535, 1030) 0.5
(536, 1492) 0.49
(537, 1298) 0.5
(537, 1790) 0.49
(538, 1296) 0.5
(538, 1331) 0.49
(539, 620) 0.52
(539, 2323) 0.5
(540, 1000) 0.49
(540, 1714) 0.5
(540, 1983) 0.49
(542, 1705) 0.5
(543, 1812) 0.49
(544, 808) 0.51
(544, 1539) 0.5
(544, 2101) 0.49
(545, 734) 0.51
(545, 1541) 0.51
(546, 1808) 0.62
(547, 649) 0.51
(547, 1139) 0.51
(547, 1425) 0.54
(547, 1776) 0.5
(548, 966) 0.51
(550, 2387) 0.52
(551, 599) 0.5
(551, 625) 0.49
(552, 1964) 0.54
(553, 727) 0.49
(553, 2200) 0.49
(554, 828) 0.49
(554, 1502) 0.5
(554, 1672) 0.5
(554, 1818) 0.5
(555, 1253) 0.49
(555, 1386) 0.49
(555, 2026) 0.62
(556, 1513) 0.57
(556, 1763) 0.5
(557, 1205) 0.57
(558, 735) 0.49
(558, 817) 0.5
(558, 856) 0.5
(558, 1203) 0.5
(558, 1939) 0.5
(558, 1994) 0.49
(558, 2005) 0.5
(559, 1152) 0.51
(559, 2290) 0.49
(559, 2417) 0.52
(560, 1429) 0.51
(562, 1613) 0.5
(563, 1179) 0.5
(565, 1581) 0.5
(566, 802) 0.49
(566, 1016) 0.51
(566, 1265) 0.5
(566, 1397) 0.5
(567, 1825) 0.51
(568, 1117) 0.51
(571, 2066) 0.51
(571, 2076) 0.51
(572, 656) 0.49
(574, 1209) 0.49
(574, 2184) 0.49
(576, 1305) 0.49
(577, 2068) 0.72
(577, 2395) 0.66
(577, 2406) 0.62
(578, 1584) 0.5
(579, 1989) 0.5
(580, 807) 0.5
(581, 683) 0.5
(582, 1525) 0.49
(582, 1650) 0.49
(582, 2122) 0.5
(582, 2185) 0.5
(585, 896) 0.49
(585, 2236) 0.52
(587, 1947) 0.5
(588, 2109) 0.53
(589, 903) 0.5
(591, 697) 0.49
(591, 1188) 0.51
(591, 1285) 0.53
(591, 1290) 0.51
(591, 1971) 0.55
(593, 1487) 0.5
(593, 2030) 0.5
(594, 1406) 0.54
(595, 2078) 0.61
(596, 910) 0.5
(596, 967) 0.49
(596, 2301) 0.5
(597, 1363) 0.5
(597, 1687) 0.49
(598, 947) 0.51
(599, 640) 0.51
(599, 1057) 0.5
(599, 1086) 0.5
(601, 1945) 0.64
(601, 1975) 0.54
(602, 606) 0.49
(602, 1048) 0.59
(602, 2105) 0.5
(603, 710) 0.5
(603, 1482) 0.63
(603, 2333) 0.52
(604, 935) 0.5
(604, 1431) 0.5
(607, 1859) 0.61
(608, 670) 0.61
(609, 1066) 0.51
(609, 2185) 0.51
(610, 923) 0.53
(610, 939) 0.51
(610, 1399) 0.5
(610, 2383) 0.51
(611, 792) 0.5
(611, 1199) 0.49
(615, 1214) 0.5
(615, 1339) 0.49
(615, 1418) 0.51
(615, 1509) 0.5
(615, 1852) 0.5
(615, 1857) 0.5
(615, 1903) 0.51
(615, 1979) 0.5
(616, 1164) 0.49
(616, 2305) 0.5
(617, 880) 0.51
(617, 1528) 0.53
(618, 2227) 0.5
(619, 623) 0.5
(619, 1851) 0.53
(620, 1778) 0.51
(620, 1780) 0.52
(620, 2277) 0.53
(620, 2298) 0.5
(620, 2386) 0.5
(621, 849) 0.49
(622, 795) 0.5
(622, 1179) 0.49
(622, 2370) 0.5
(623, 930) 0.5
(623, 1004) 0.49
(623, 2349) 0.49
(624, 860) 0.52
(624, 894) 0.49
(624, 1299) 0.51
(624, 1389) 0.49
(625, 995) 0.61
(625, 1195) 0.53
(627, 1220) 0.53
(628, 1561) 0.55
(629, 1215) 0.5
(630, 2263) 0.51
(631, 650) 0.49
(631, 2231) 0.49
(631, 2369) 0.49
(633, 840) 0.5
(633, 1183) 0.5
(633, 1912) 0.5
(634, 741) 0.5
(634, 1289) 0.51
(634, 2396) 0.53
(635, 1807) 0.51
(635, 2078) 0.5
(636, 1863) 0.53
(637, 931) 0.6
(638, 1791) 0.5
(638, 2153) 0.5
(639, 1662) 0.5
(640, 1148) 0.51
(640, 1564) 0.5
(641, 677) 0.5
(643, 1995) 0.52
(644, 1486) 0.5
(646, 1233) 0.49
(647, 1316) 0.52
(648, 752) 0.51
(648, 1162) 0.5
(648, 1744) 0.52
(650, 1675) 0.49
(651, 1112) 0.51
(652, 1762) 0.49
(653, 1161) 0.5
(653, 1805) 0.5
(653, 1862) 0.5
(654, 824) 0.52
(655, 1965) 0.57
(656, 1800) 0.51
(657, 695) 0.52
(657, 915) 0.51
(658, 1391) 0.5
(660, 695) 0.53
(663, 991) 0.5
(665, 2306) 0.49
(667, 1860) 0.5
(669, 1321) 0.49
(669, 1814) 0.53
(669, 2401) 0.54
(670, 1582) 0.51
(671, 974) 0.52
(672, 794) 0.51
(672, 1328) 0.55
(673, 772) 0.5
(673, 1218) 0.49
(675, 898) 0.5
(675, 1764) 0.49
(676, 770) 0.6
(677, 1769) 0.5
(677, 1960) 0.5
(678, 758) 0.61
(678, 1385) 0.49
(678, 2147) 0.5
(679, 740) 0.49
(679, 1145) 0.5
(679, 2294) 0.5
(680, 1426) 0.49
(680, 1868) 0.51
(681, 849) 0.5
(682, 1191) 0.5
(683, 2409) 0.49
(685, 2025) 0.49
(686, 2198) 0.52
(687, 1447) 0.53
(688, 1310) 0.5
(689, 1132) 0.5
(690, 1130) 0.51
(690, 1296) 0.49
(691, 1076) 0.49
(692, 797) 0.5
(692, 1097) 0.52
(693, 2088) 0.52
(694, 954) 0.5
(694, 1417) 0.49
(694, 2233) 0.49
(695, 1967) 0.54
(697, 1250) 0.59
(698, 1701) 0.52
(698, 2062) 0.66
(698, 2306) 0.49
(699, 1341) 0.59
(699, 1739) 0.6
(700, 1341) 0.5
(701, 1339) 0.5
(701, 2423) 0.61
(702, 743) 0.52
(703, 2409) 0.49
(705, 940) 0.5
(705, 1350) 0.5
(705, 1355) 0.5
(705, 1561) 0.52
(705, 1842) 0.5
(706, 1176) 0.55
(707, 1114) 0.5
(708, 978) 0.5
(708, 2292) 0.51
(709, 1407) 0.51
(710, 1373) 0.49
(710, 1560) 0.5
(711, 902) 0.53
(711, 1254) 0.49
(711, 2397) 0.49
(712, 882) 0.63
(713, 1388) 0.53
(714, 2356) 0.49
(714, 2374) 0.5
(716, 1402) 0.5
(717, 1742) 0.5
(717, 2167) 0.51
(718, 1264) 0.5
(719, 792) 0.51
(719, 1368) 0.49
(719, 1447) 0.49
(719, 1679) 0.5
(721, 1094) 0.49
(722, 1311) 0.51
(722, 1705) 0.5
(722, 1773) 0.49
(723, 1543) 0.51
(725, 1576) 0.49
(727, 2309) 0.5
(728, 1323) 0.53
(729, 1499) 0.5
(730, 2174) 0.51
(731, 1773) 0.49
(732, 892) 0.49
(733, 970) 0.54
(734, 1253) 0.51
(734, 1430) 0.51
(735, 802) 0.5
(736, 1309) 0.6
(736, 1573) 0.5
(736, 1615) 0.61
(737, 1416) 0.49
(739, 1530) 0.5
(739, 1853) 0.5
(739, 1978) 0.5
(740, 1302) 0.49
(740, 1330) 0.49
(740, 2267) 0.49
(742, 2034) 0.52
(744, 941) 0.5
(745, 2308) 0.5
(746, 2145) 0.5
(749, 1606) 0.51
(749, 1703) 0.61
(749, 2362) 0.51
(750, 2338) 0.49
(752, 876) 0.49
(752, 977) 0.51
(752, 1176) 0.52
(752, 1289) 0.51
(752, 2377) 0.49
(753, 1355) 0.6
(754, 1076) 0.49
(754, 1846) 0.5
(754, 1850) 0.5
(755, 1216) 0.49
(756, 1175) 0.5
(756, 1723) 0.49
(757, 1235) 0.5
(757, 1565) 0.5
(758, 936) 0.61
(759, 880) 0.49
(759, 944) 0.49
(759, 1184) 0.5
(759, 1849) 0.5
(760, 1169) 0.5
(762, 787) 0.5
(762, 1782) 0.49
(762, 1853) 0.49
(763, 1354) 0.51
(764, 1563) 0.49
(764, 2169) 0.49
(765, 1924) 0.49
(765, 1996) 0.5
(766, 1015) 0.51
(767, 1400) 0.5
(767, 1727) 0.5
(767, 2049) 0.5
(771, 1592) 0.5
(771, 2044) 0.52
(771, 2294) 0.49
(774, 1749) 0.5
(775, 1010) 0.49
(775, 2156) 0.49
(775, 2269) 0.5
(776, 1254) 0.49
(776, 1295) 0.54
(777, 862) 0.53
(777, 1395) 0.49
(777, 1843) 0.49
(778, 845) 0.51
(778, 1286) 0.5
(779, 1747) 0.53
(780, 830) 0.5
(781, 1553) 0.5
(784, 1142) 0.59
(784, 1811) 0.62
(785, 1457) 0.5
(785, 1714) 0.49
(787, 1290) 0.5
(788, 1804) 0.51
(789, 798) 0.49
(789, 803) 0.5
(789, 1584) 0.5
(789, 2247) 0.5
(790, 1271) 0.5
(790, 1433) 0.49
(790, 2142) 0.49
(791, 1908) 0.53
(791, 2120) 0.5
(792, 2155) 0.49
(793, 868) 0.49
(793, 1239) 0.51
(793, 2038) 0.53
(794, 1714) 0.51
(795, 1274) 0.5
(795, 1408) 0.49
(795, 2191) 0.5
(797, 1460) 0.62
(798, 1271) 0.5
(799, 1982) 0.53
(800, 1623) 0.53
(802, 2425) 0.63
(803, 2028) 0.49
(803, 2136) 0.5
(805, 1120) 0.51
(805, 1300) 0.49
(805, 1478) 0.54
(806, 1609) 0.5
(807, 1825) 0.49
(809, 1305) 0.51
(810, 861) 0.5
(811, 1692) 0.55
(813, 1995) 0.49
(814, 1581) 0.49
(814, 2324) 0.49
(816, 2010) 0.49
(816, 2080) 0.51
(817, 2293) 0.6
(817, 2389) 0.5
(819, 1249) 0.61
(820, 1474) 0.5
(820, 2030) 0.5
(822, 2306) 0.52
(823, 1031) 0.53
(823, 2217) 0.49
(824, 2411) 0.5
(826, 1086) 0.5
(826, 1354) 0.5
(826, 2064) 0.49
(827, 1522) 0.49
(828, 2292) 0.49
(829, 1544) 0.61
(830, 926) 0.5
(830, 1098) 0.49
(831, 1590) 0.49
(831, 1677) 0.5
(832, 838) 0.49
(833, 996) 0.61
(834, 867) 0.51
(834, 1260) 0.49
(834, 1795) 0.5
(835, 2251) 0.64
(836, 972) 0.49
(838, 918) 0.49
(838, 1170) 0.51
(839, 1870) 0.51
(841, 848) 0.51
(841, 1449) 0.49
(841, 2219) 0.51
(842, 2054) 0.49
(843, 1818) 0.5
(844, 1258) 0.52
(844, 1437) 0.53
(845, 1748) 0.6
(846, 1486) 0.5
(849, 1255) 0.5
(849, 2017) 0.49
(850, 2247) 0.49
(852, 921) 0.51
(853, 2054) 0.51
(854, 1324) 0.5
(854, 1384) 0.49
(854, 1992) 0.49
(854, 2222) 0.5
(855, 1168) 0.53
(857, 1674) 0.53
(858, 880) 0.49
(859, 1984) 0.5
(861, 2120) 0.49
(863, 1534) 0.51
(863, 1636) 0.49
(865, 1330) 0.51
(865, 1618) 0.56
(866, 2412) 0.52
(867, 1936) 0.51
(867, 2150) 0.52
(868, 1391) 0.5
(868, 1620) 0.51
(869, 2344) 0.5
(870, 1058) 0.49
(871, 1463) 0.51
(871, 1819) 0.6
(871, 2078) 0.5
(873, 1150) 0.5
(874, 1539) 0.5
(874, 2358) 0.5
(875, 1498) 0.5
(875, 1508) 0.63
(876, 1655) 0.5
(877, 1876) 0.5
(879, 1025) 0.57
(879, 1783) 0.56
(880, 1545) 0.49
(881, 1192) 0.5
(882, 1100) 0.53
(882, 1230) 0.63
(882, 1641) 0.66
(882, 1806) 0.66
(882, 1827) 0.64
(883, 963) 0.49
(883, 1074) 0.6
(887, 2156) 0.5
(888, 1254) 0.5
(888, 1376) 0.49
(892, 1566) 0.5
(892, 1580) 0.5
(892, 1916) 0.49
(892, 2065) 0.53
(893, 1533) 0.49
(893, 2048) 0.5
(895, 1287) 0.5
(896, 1079) 0.49
(897, 2266) 0.57
(898, 1347) 0.49
(899, 1965) 0.54
(900, 2223) 0.53
(901, 1744) 0.54
(904, 1108) 0.52
(904, 1914) 0.53
(905, 1652) 0.53
(906, 1586) 0.51
(907, 1021) 0.53
(908, 1498) 0.51
(909, 1118) 0.54
(912, 1182) 0.5
(912, 2281) 0.51
(913, 1329) 0.5
(913, 1527) 0.5
(914, 1855) 0.5
(915, 1728) 0.54
(915, 1950) 0.49
(917, 2411) 0.5
(919, 1416) 0.51
(920, 1307) 0.49
(921, 1224) 0.49
(924, 1749) 0.5
(924, 1841) 0.5
(925, 2225) 0.5
(926, 2292) 0.51
(927, 1164) 0.5
(927, 1694) 0.5
(927, 1844) 0.49
(927, 2156) 0.49
(927, 2227) 0.49
(928, 2312) 0.57
(929, 1032) 0.49
(929, 1385) 0.5
(930, 1291) 0.49
(931, 1431) 0.49
(933, 1080) 0.51
(934, 1314) 0.51
(935, 1882) 0.5
(935, 2129) 0.49
(938, 1968) 0.62
(938, 2001) 0.5
(940, 1476) 0.5
(940, 2282) 0.49
(941, 1671) 0.49
(942, 1268) 0.53
(948, 1486) 0.53
(950, 1581) 0.5
(950, 2327) 0.5
(951, 1130) 0.52
(952, 1382) 0.98
(952, 1824) 0.6
(952, 1873) 0.98
(953, 2279) 0.5
(954, 1073) 0.58
(954, 1685) 0.49
(956, 1486) 0.52
(957, 2273) 0.5
(958, 2241) 0.52
(959, 2073) 0.62
(959, 2410) 0.49
(960, 1456) 0.49
(961, 1736) 0.57
(962, 1577) 0.51
(963, 1545) 0.49
(964, 1159) 0.5
(964, 1993) 0.51
(964, 2007) 0.5
(965, 1737) 0.5
(966, 1734) 0.5
(966, 1919) 0.49
(966, 2375) 0.52
(967, 1054) 0.51
(967, 1411) 0.49
(968, 1944) 0.51
(970, 2071) 0.52
(970, 2186) 0.51
(971, 1457) 0.49
(973, 1412) 0.5
(974, 1795) 0.49
(976, 1538) 0.5
(977, 1621) 0.53
(977, 1716) 0.5
(977, 2151) 0.52
(978, 1627) 0.51
(979, 1442) 0.49
(979, 1498) 0.49
(980, 1816) 0.5
(981, 1537) 0.62
(983, 1151) 0.55
(983, 1985) 0.49
(984, 1590) 0.49
(986, 2312) 0.52
(987, 1610) 0.6
(988, 1841) 0.5
(989, 1650) 0.49
(990, 1386) 0.5
(990, 1882) 0.5
(991, 2420) 0.62
(994, 1007) 0.5
(996, 2370) 0.53
(997, 1043) 0.49
(999, 1469) 0.52
(999, 1786) 0.5
(999, 2214) 0.5
(1000, 1797) 0.51
(1002, 1691) 0.5
(1002, 1697) 0.52
(1003, 1256) 0.5
(1003, 1679) 0.5
(1003, 2202) 0.5
(1004, 2294) 0.49
(1005, 2302) 0.58
(1008, 1171) 0.58
(1008, 1261) 0.57
(1008, 1697) 0.5
(1008, 1848) 0.51
(1008, 2158) 0.63
(1008, 2181) 0.55
(1009, 1400) 0.49
(1010, 1037) 0.49
(1010, 1393) 0.49
(1011, 1351) 0.58
(1011, 1680) 0.51
(1012, 1383) 0.68
(1012, 1546) 0.51
(1014, 1597) 0.51
(1015, 1767) 0.51
(1019, 1667) 0.54
(1019, 1761) 0.5
(1021, 1531) 0.5
(1021, 1745) 0.58
(1021, 2221) 0.53
(1021, 2388) 0.5
(1022, 1621) 0.51
(1022, 1871) 0.51
(1024, 2412) 0.5
(1026, 1029) 0.52
(1027, 2137) 0.49
(1028, 2319) 0.5
(1032, 1931) 0.5
(1033, 1312) 0.5
(1034, 2265) 0.49
(1035, 1499) 0.5
(1038, 1244) 0.51
(1041, 2327) 0.49
(1042, 2208) 0.51
(1043, 1919) 0.49
(1044, 1692) 0.51
(1044, 1919) 0.49
(1045, 1220) 0.49
(1046, 1355) 0.55
(1047, 1916) 0.5
(1049, 1520) 0.51
(1049, 2260) 0.63
(1050, 2415) 0.61
(1051, 2174) 0.65
(1052, 1405) 0.5
(1055, 1209) 0.5
(1056, 1403) 0.51
(1056, 1542) 0.51
(1059, 1535) 0.5
(1059, 1996) 0.5
(1061, 1308) 0.51
(1062, 1612) 0.5
(1062, 2403) 0.52
(1063, 1754) 0.5
(1065, 1692) 0.5
(1065, 2168) 0.49
(1067, 1684) 0.49
(1067, 1787) 0.5
(1069, 1579) 0.5
(1070, 1353) 0.5
(1075, 1710) 0.54
(1077, 1538) 0.51
(1077, 2103) 0.5
(1078, 1587) 0.56
(1081, 1573) 0.49
(1081, 2140) 0.5
(1082, 1335) 0.49
(1083, 2030) 0.54
(1085, 1124) 0.5
(1085, 1639) 0.51
(1086, 1952) 0.55
(1086, 2210) 0.49
(1087, 1708) 0.51
(1088, 1652) 0.52
(1088, 2102) 0.55
(1089, 1368) 0.5
(1089, 2232) 0.5
(1090, 1335) 0.49
(1090, 1941) 0.53
(1092, 2083) 0.62
(1093, 2336) 0.5
(1094, 2123) 0.49
(1094, 2187) 0.5
(1095, 2175) 0.5
(1095, 2270) 0.51
(1097, 1361) 0.51
(1097, 2371) 0.53
(1098, 1468) 0.5
(1099, 1507) 0.49
(1099, 1576) 0.5
(1100, 1585) 0.5
(1101, 1817) 0.5
(1103, 1687) 0.49
(1104, 1933) 0.49
(1104, 2299) 0.49
(1105, 2131) 0.49
(1106, 1851) 0.5
(1106, 2347) 0.51
(1107, 1878) 0.51
(1110, 2003) 0.5
(1111, 1313) 0.5
(1112, 2064) 0.5
(1113, 1154) 0.49
(1114, 1423) 0.5
(1115, 2312) 0.53
(1116, 1284) 0.52
(1118, 1124) 0.5
(1119, 2342) 0.51
(1121, 1373) 0.53
(1125, 1323) 0.51
(1125, 1566) 0.49
(1125, 1999) 0.5
(1126, 1290) 0.5
(1126, 1538) 0.49
(1126, 1608) 0.5
(1127, 1129) 0.5
(1128, 1316) 0.49
(1128, 1514) 0.52
(1129, 1186) 0.54
(1132, 1692) 0.51
(1132, 2033) 0.5
(1132, 2070) 0.54
(1133, 1333) 0.53
(1134, 2306) 0.52
(1135, 1963) 0.49
(1135, 2409) 0.5
(1136, 2011) 0.49
(1137, 1902) 0.49
(1138, 1232) 0.52
(1138, 1629) 0.61
(1139, 2149) 0.5
(1140, 1863) 0.51
(1141, 1441) 0.55
(1142, 1913) 0.51
(1143, 2082) 0.49
(1144, 1717) 0.54
(1144, 2404) 0.55
(1145, 1444) 0.51
(1145, 1483) 0.59
(1147, 2151) 0.6
(1148, 1317) 0.49
(1148, 1793) 0.51
(1148, 2268) 0.5
(1149, 1809) 0.5
(1153, 1297) 0.49
(1153, 1415) 0.5
(1154, 1635) 0.56
(1155, 1545) 0.49
(1156, 1242) 0.5
(1156, 1614) 0.5
(1156, 1891) 0.52
(1156, 2201) 0.51
(1157, 1981) 0.5
(1158, 1240) 0.49
(1158, 1872) 0.52
(1158, 1896) 0.49
(1160, 1675) 0.49
(1161, 1624) 0.53
(1161, 2262) 0.52
(1161, 2390) 0.6
(1163, 1727) 0.5
(1165, 1911) 0.5
(1165, 2310) 0.5
(1166, 1664) 0.5
(1166, 1681) 0.51
(1168, 1248) 0.62
(1169, 1735) 0.5
(1172, 1317) 0.49
(1173, 1747) 0.57
(1175, 1185) 0.51
(1178, 2100) 0.51
(1182, 1343) 0.49
(1183, 1398) 0.52
(1187, 1370) 0.56
(1189, 1855) 0.5
(1190, 1376) 0.5
(1192, 1208) 0.51
(1192, 1885) 0.55
(1192, 1997) 0.52
(1193, 1715) 0.49
(1196, 1763) 0.52
(1197, 1314) 0.49
(1200, 1867) 0.53
(1201, 1853) 0.51
(1201, 2215) 0.5
(1202, 1203) 0.51
(1204, 1596) 0.5
(1205, 1556) 0.57
(1205, 1584) 0.49
(1205, 1586) 0.52
(1206, 2095) 0.62
(1207, 1276) 0.51
(1207, 2109) 0.5
(1209, 2203) 0.49
(1210, 1954) 0.49
(1210, 2377) 0.5
(1211, 1689) 0.58
(1211, 1801) 0.51
(1214, 1394) 0.51
(1214, 1511) 0.53
(1215, 1617) 0.61
(1218, 2294) 0.49
(1219, 1283) 0.52
(1220, 2261) 0.49
(1220, 2271) 0.49
(1222, 1740) 0.58
(1222, 2089) 0.5
(1222, 2259) 0.52
(1223, 1419) 0.51
(1223, 1860) 0.49
(1223, 1910) 0.49
(1224, 1959) 0.53
(1225, 2386) 0.54
(1226, 2106) 0.53
(1227, 2296) 0.53
(1228, 1546) 0.51
(1228, 1588) 0.54
(1232, 1799) 0.51
(1234, 2294) 0.49
(1235, 1839) 0.51
(1237, 2049) 0.49
(1238, 2421) 0.51
(1244, 2124) 0.51
(1244, 2256) 0.6
(1245, 1692) 0.51
(1246, 1283) 0.5
(1251, 1309) 0.55
(1252, 1945) 0.49
(1253, 1957) 0.51
(1254, 1286) 0.52
(1254, 2071) 0.49
(1254, 2258) 0.51
(1255, 1420) 0.49
(1257, 1488) 0.5
(1257, 1568) 0.49
(1257, 1726) 0.5
(1260, 2078) 0.51
(1261, 1653) 0.53
(1262, 1656) 0.5
(1262, 1960) 0.5
(1262, 2196) 0.49
(1266, 1597) 0.51
(1267, 1853) 0.52
(1270, 1569) 0.49
(1271, 1946) 0.49
(1273, 1517) 0.5
(1273, 2361) 0.5
(1274, 1381) 0.5
(1274, 1515) 0.5
(1274, 1940) 0.5
(1274, 2042) 0.5
(1276, 1579) 0.51
(1277, 1357) 0.5
(1278, 1507) 0.5
(1279, 1688) 0.52
(1281, 1306) 0.51
(1281, 1438) 0.49
(1281, 1447) 0.5
(1281, 1580) 0.5
(1282, 1561) 0.62
(1283, 1368) 0.51
(1283, 2263) 0.52
(1285, 2037) 0.51
(1287, 2230) 0.51
(1289, 2013) 0.51
(1292, 1985) 0.51
(1292, 2271) 0.49
(1293, 1736) 0.51
(1294, 1338) 0.5
(1299, 2326) 0.61
(1300, 1416) 0.49
(1302, 2332) 0.51
(1307, 1571) 0.5
(1307, 2025) 0.5
(1308, 1990) 0.51
(1308, 2115) 0.49
(1308, 2180) 0.51
(1310, 1691) 0.57
(1312, 1650) 0.5
(1313, 1749) 0.5
(1314, 1524) 0.49
(1314, 1767) 0.49
(1314, 2182) 0.49
(1314, 2316) 0.5
(1315, 2236) 0.5
(1316, 1821) 0.5
(1316, 1888) 0.49
(1316, 2082) 0.51
(1317, 1930) 0.51
(1317, 2224) 0.5
(1319, 1583) 0.51
(1320, 1931) 0.49
(1322, 1626) 0.5
(1323, 1988) 0.5
(1325, 1535) 0.54
(1331, 1348) 0.49
(1332, 2153) 0.5
(1333, 2327) 0.51
(1336, 1678) 0.77
(1338, 1571) 0.49
(1342, 2332) 0.5
(1344, 1451) 0.5
(1345, 1914) 0.51
(1346, 1643) 0.49
(1349, 2130) 0.53
(1350, 1540) 0.49
(1352, 1359) 0.54
(1354, 1443) 0.49
(1356, 2100) 0.5
(1357, 1847) 0.49
(1358, 1427) 0.54
(1358, 1801) 0.51
(1358, 2252) 0.55
(1359, 1597) 0.5
(1359, 2389) 0.5
(1364, 2236) 0.49
(1365, 1774) 0.5
(1369, 1567) 0.49
(1372, 2228) 0.49
(1375, 1657) 0.52
(1378, 2392) 0.49
(1379, 1495) 0.5
(1379, 2373) 0.52
(1380, 1662) 0.49
(1381, 1504) 0.49
(1381, 1696) 0.49
(1381, 1895) 0.49
(1385, 1549) 0.49
(1386, 2118) 0.5
(1386, 2197) 0.49
(1387, 2057) 0.5
(1387, 2275) 0.5
(1387, 2410) 0.49
(1391, 2304) 0.52
(1391, 2334) 0.52
(1392, 2081) 0.5
(1393, 1410) 0.5
(1395, 1737) 0.49
(1396, 1437) 0.66
(1398, 1503) 0.51
(1398, 1712) 0.5
(1399, 2297) 0.51
(1400, 1933) 0.49
(1400, 2036) 0.49
(1407, 2024) 0.49
(1408, 1428) 0.5
(1409, 2122) 0.49
(1411, 1844) 0.49
(1411, 1962) 0.52
(1412, 1950) 0.51
(1414, 1645) 0.5
(1417, 1831) 0.51
(1418, 1753) 0.51
(1419, 1638) 0.5
(1421, 2200) 0.49
(1422, 1777) 0.5
(1426, 2128) 0.49
(1427, 2081) 0.51
(1428, 1920) 0.5
(1434, 1876) 0.5
(1435, 2367) 0.49
(1436, 1887) 0.5
(1437, 2023) 0.67
(1437, 2357) 0.61
(1442, 1925) 0.49
(1445, 1803) 0.51
(1446, 1683) 0.49
(1446, 1951) 0.5
(1447, 1500) 0.52
(1447, 2084) 0.5
(1448, 1651) 0.5
(1450, 1974) 0.53
(1450, 2216) 0.51
(1452, 1754) 0.5
(1454, 2312) 0.51
(1458, 1505) 0.5
(1458, 1980) 0.53
(1461, 1485) 0.62
(1461, 2196) 0.49
(1462, 2130) 0.51
(1464, 2251) 0.61
(1466, 1995) 0.49
(1470, 1809) 0.58
(1471, 1777) 0.54
(1473, 2300) 0.53
(1475, 2247) 0.5
(1477, 2329) 0.6
(1481, 1638) 0.49
(1484, 1688) 0.49
(1486, 1548) 0.52
(1486, 2209) 0.49
(1488, 2034) 0.52
(1490, 2049) 0.49
(1491, 1668) 0.56
(1491, 1774) 0.49
(1492, 1685) 0.49
(1492, 2264) 0.5
(1493, 2328) 0.49
(1493, 2376) 0.49
(1494, 1965) 0.57
(1494, 2081) 0.51
(1495, 1664) 0.52
(1495, 1679) 0.51
(1496, 1659) 0.5
(1497, 2022) 0.5
(1497, 2218) 0.55
(1502, 1529) 0.49
(1502, 1654) 0.5
(1502, 2238) 0.49
(1506, 1849) 0.5
(1507, 1774) 0.49
(1512, 1659) 0.49
(1515, 2355) 0.49
(1516, 1705) 0.49
(1519, 1837) 0.49
(1519, 2290) 0.5
(1520, 1765) 0.5
(1520, 2116) 0.5
(1522, 1574) 0.5
(1523, 2266) 0.52
(1525, 1531) 0.5
(1525, 1897) 0.52
(1525, 2029) 0.49
(1525, 2046) 0.53
(1526, 2328) 0.5
(1532, 2116) 0.5
(1532, 2229) 0.52
(1533, 2328) 0.49
(1535, 1938) 0.49
(1536, 2399) 0.5
(1537, 2063) 0.49
(1537, 2166) 0.52
(1539, 2161) 0.49
(1539, 2244) 0.49
(1540, 2280) 0.6
(1541, 2400) 0.5
(1546, 1698) 0.49
(1546, 2288) 0.5
(1547, 1585) 0.5
(1547, 1755) 0.49
(1550, 2397) 0.49
(1551, 1709) 0.52
(1552, 1684) 0.5
(1555, 1685) 0.55
(1557, 1945) 0.49
(1558, 1713) 0.51
(1559, 1785) 0.5
(1559, 2156) 0.5
(1560, 1784) 0.51
(1560, 1869) 0.56
(1561, 2132) 0.54
(1562, 2167) 0.5
(1564, 1729) 0.6
(1566, 2020) 0.49
(1568, 1918) 0.49
(1570, 1592) 0.52
(1573, 2206) 0.49
(1577, 1657) 0.59
(1577, 2006) 0.54
(1579, 1755) 0.5
(1581, 1602) 0.5
(1581, 2047) 0.49
(1581, 2190) 0.54
(1583, 1932) 0.51
(1583, 2002) 0.5
(1587, 1710) 0.5
(1587, 2398) 0.61
(1589, 2173) 0.58
(1590, 1837) 0.49
(1591, 1930) 0.53
(1593, 2185) 0.49
(1594, 1857) 0.5
(1595, 2155) 0.52
(1597, 2007) 0.49
(1598, 1626) 0.5
(1599, 2196) 0.59
(1604, 2224) 0.61
(1605, 2054) 0.55
(1606, 1736) 0.51
(1610, 1716) 0.5
(1611, 2275) 0.52
(1612, 2279) 0.55
(1613, 2009) 0.5
(1619, 2369) 0.63
(1622, 2084) 0.67
(1627, 2234) 0.5
(1628, 2242) 0.64
(1630, 1776) 0.57
(1633, 1639) 0.5
(1637, 1718) 0.61
(1644, 1998) 0.51
(1645, 2163) 0.5
(1646, 1845) 0.49
(1646, 2072) 0.49
(1647, 2102) 0.54
(1648, 1878) 0.49
(1649, 1757) 0.49
(1650, 1661) 0.51
(1650, 1751) 0.49
(1652, 2104) 0.53
(1657, 1753) 0.5
(1659, 2050) 0.5
(1660, 1675) 0.5
(1662, 2119) 0.51
(1663, 2360) 0.49
(1664, 1775) 0.62
(1665, 1742) 0.52
(1666, 2131) 0.54
(1675, 2152) 0.52
(1679, 1879) 0.5
(1680, 1880) 0.5
(1680, 2016) 0.52
(1680, 2345) 0.51
(1684, 2020) 0.5
(1686, 2035) 0.6
(1687, 2291) 0.61
(1687, 2366) 0.49
(1690, 1796) 0.61
(1690, 1883) 0.5
(1690, 2138) 0.5
(1693, 1816) 0.51
(1696, 1866) 0.5
(1698, 2231) 0.49
(1700, 1966) 0.49
(1704, 2067) 0.5
(1704, 2329) 0.52
(1705, 1898) 0.5
(1706, 1908) 0.6
(1708, 2169) 0.5
(1708, 2286) 0.51
(1711, 2365) 0.5
(1714, 2282) 0.49
(1715, 2355) 0.49
(1720, 2003) 0.5
(1720, 2317) 0.5
(1721, 1999) 0.51
(1723, 2363) 0.51
(1730, 2021) 0.49
(1731, 2320) 0.53
(1736, 2348) 0.49
(1738, 1979) 0.53
(1741, 1995) 0.5
(1742, 1894) 0.49
(1742, 2274) 0.49
(1746, 1835) 0.51
(1750, 1781) 0.53
(1753, 2125) 0.5
(1758, 1927) 0.5
(1759, 2242) 0.55
(1761, 2382) 0.6
(1766, 1987) 0.49
(1772, 2209) 0.49
(1774, 1970) 0.54
(1774, 2075) 0.49
(1776, 1804) 0.5
(1778, 2300) 0.54
(1779, 2051) 0.49
(1781, 2333) 0.54
(1782, 1916) 0.49
(1786, 1844) 0.49
(1786, 2063) 0.49
(1786, 2271) 0.49
(1787, 2059) 0.5
(1788, 1799) 0.5
(1790, 2018) 0.51
(1794, 1965) 0.52
(1799, 2306) 0.5
(1802, 2292) 0.5
(1803, 2426) 0.49
(1804, 2092) 0.54
(1804, 2350) 0.5
(1805, 1972) 0.51
(1810, 2122) 0.61
(1812, 2032) 0.53
(1812, 2346) 0.5
(1813, 1851) 0.62
(1815, 2347) 0.52
(1820, 1916) 0.49
(1821, 2319) 0.49
(1823, 1945) 0.5
(1824, 2339) 0.63
(1825, 2220) 0.49
(1828, 2337) 0.49
(1830, 1863) 0.5
(1833, 1837) 0.55
(1834, 2100) 0.54
(1835, 2126) 0.49
(1837, 1923) 0.49
(1840, 2370) 0.5
(1845, 1982) 0.5
(1845, 2017) 0.49
(1849, 2117) 0.49
(1853, 2413) 0.49
(1854, 2302) 0.51
(1863, 2105) 0.49
(1864, 2168) 0.51
(1864, 2179) 0.5
(1865, 2049) 0.5
(1868, 2246) 0.5
(1875, 2391) 0.64
(1875, 2409) 0.54
(1877, 2272) 0.53
(1879, 2001) 0.55
(1879, 2027) 0.61
(1880, 2226) 0.51
(1881, 1904) 0.51
(1889, 2157) 0.49
(1890, 2232) 0.49
(1892, 2129) 0.51
(1893, 2113) 0.51
(1895, 2133) 0.49
(1900, 2311) 0.53
(1900, 2364) 0.52
(1904, 2205) 0.5
(1909, 1932) 0.49
(1909, 2170) 0.49
(1913, 2407) 0.5
(1922, 2137) 0.49
(1923, 2248) 0.51
(1925, 2178) 0.49
(1926, 2019) 0.63
(1929, 2302) 0.56
(1932, 2165) 0.5
(1936, 2162) 0.5
(1944, 2055) 0.5
(1944, 2107) 0.5
(1949, 2081) 0.5
(1950, 2327) 0.51
(1953, 2114) 0.52
(1954, 2024) 0.49
(1956, 1997) 0.52
(1958, 2103) 0.53
(1965, 2235) 0.58
(1973, 2193) 0.5
(1973, 2205) 0.5
(1976, 2135) 0.49
(1978, 2278) 0.5
(1982, 2325) 0.51
(1986, 2343) 0.57
(1989, 2383) 0.5
(1994, 2212) 0.5
(1998, 2096) 0.49
(1999, 2324) 0.49
(2000, 2185) 0.5
(2001, 2056) 0.51
(2012, 2327) 0.54
(2015, 2043) 0.49
(2024, 2330) 0.49
(2028, 2057) 0.5
(2030, 2031) 0.49
(2045, 2407) 0.5
(2051, 2064) 0.49
(2052, 2099) 0.52
(2053, 2229) 0.5
(2057, 2352) 0.51
(2060, 2254) 0.52
(2061, 2126) 0.52
(2063, 2228) 0.49
(2067, 2131) 0.49
(2069, 2318) 0.49
(2071, 2113) 0.49
(2076, 2403) 0.5
(2077, 2228) 0.49
(2078, 2273) 0.49
(2091, 2145) 0.52
(2113, 2203) 0.5
(2122, 2321) 0.5
(2130, 2253) 0.5
(2139, 2165) 0.5
(2140, 2384) 0.49
(2143, 2349) 0.51
(2157, 2302) 0.49
(2163, 2236) 0.5
(2169, 2207) 0.51
(2171, 2236) 0.49
(2180, 2244) 0.49
(2193, 2351) 0.5
(2196, 2249) 0.49
(2218, 2299) 0.49
(2229, 2245) 0.49
(2239, 2281) 0.5
(2258, 2364) 0.56
(2269, 2313) 0.5
(2276, 2284) 0.51
(2283, 2341) 0.63
(2307, 2322) 0.6
(2307, 2326) 0.61
(2312, 2315) 0.51
(2325, 2343) 0.51
(2356, 2389) 0.5
(2378, 2421) 0.53
(2386, 2412) 0.5
(2397, 2419) 0.49
(2408, 2410) 0.62

=== Timing Results ===
total(ms):55592.2
gpu(ms): 11392.9, 13077.5, 13194.4, 14241.2, 
